stage,epoch,epochs,step,iters,global_step,loss,logits_loss,aux_loss,lr,source_log
sft,1,2,50,56608,50,2.8538,2.8538,0.0,1e-05,experiments/logs/full_sft_mini.log
sft,1,2,100,56608,100,2.1409,2.1409,0.0,1e-05,experiments/logs/full_sft_mini.log
sft,1,2,150,56608,150,1.7604,1.7604,0.0,1e-05,experiments/logs/full_sft_mini.log
sft,1,2,200,56608,200,1.7297,1.7297,0.0,1e-05,experiments/logs/full_sft_mini.log
sft,1,2,250,56608,250,1.824,1.824,0.0,1e-05,experiments/logs/full_sft_mini.log
sft,1,2,300,56608,300,1.6918,1.6918,0.0,1e-05,experiments/logs/full_sft_mini.log
sft,1,2,350,56608,350,2.0812,2.0812,0.0,1e-05,experiments/logs/full_sft_mini.log
sft,1,2,400,56608,400,2.0108,2.0108,0.0,1e-05,experiments/logs/full_sft_mini.log
sft,1,2,450,56608,450,1.9165,1.9165,0.0,1e-05,experiments/logs/full_sft_mini.log
sft,1,2,500,56608,500,1.6996,1.6996,0.0,1e-05,experiments/logs/full_sft_mini.log
sft,1,2,550,56608,550,1.7326,1.7326,0.0,1e-05,experiments/logs/full_sft_mini.log
sft,1,2,600,56608,600,1.8625,1.8625,0.0,1e-05,experiments/logs/full_sft_mini.log
sft,1,2,650,56608,650,1.8537,1.8537,0.0,1e-05,experiments/logs/full_sft_mini.log
sft,1,2,700,56608,700,2.1159,2.1159,0.0,1e-05,experiments/logs/full_sft_mini.log
sft,1,2,750,56608,750,1.6332,1.6332,0.0,1e-05,experiments/logs/full_sft_mini.log
sft,1,2,800,56608,800,1.4069,1.4069,0.0,1e-05,experiments/logs/full_sft_mini.log
sft,1,2,850,56608,850,1.4974,1.4974,0.0,1e-05,experiments/logs/full_sft_mini.log
sft,1,2,900,56608,900,1.6128,1.6128,0.0,1e-05,experiments/logs/full_sft_mini.log
sft,1,2,950,56608,950,1.7841,1.7841,0.0,1e-05,experiments/logs/full_sft_mini.log
sft,1,2,1000,56608,1000,1.4602,1.4602,0.0,1e-05,experiments/logs/full_sft_mini.log
sft,1,2,1050,56608,1050,1.7679,1.7679,0.0,1e-05,experiments/logs/full_sft_mini.log
sft,1,2,1100,56608,1100,1.8746,1.8746,0.0,1e-05,experiments/logs/full_sft_mini.log
sft,1,2,1150,56608,1150,1.5334,1.5334,0.0,1e-05,experiments/logs/full_sft_mini.log
sft,1,2,1200,56608,1200,2.1975,2.1975,0.0,1e-05,experiments/logs/full_sft_mini.log
sft,1,2,1250,56608,1250,2.0124,2.0124,0.0,1e-05,experiments/logs/full_sft_mini.log
sft,1,2,1300,56608,1300,1.4039,1.4039,0.0,1e-05,experiments/logs/full_sft_mini.log
sft,1,2,1350,56608,1350,1.7993,1.7993,0.0,1e-05,experiments/logs/full_sft_mini.log
sft,1,2,1400,56608,1400,1.9588,1.9588,0.0,1e-05,experiments/logs/full_sft_mini.log
sft,1,2,1450,56608,1450,2.0248,2.0248,0.0,1e-05,experiments/logs/full_sft_mini.log
sft,1,2,1500,56608,1500,1.34,1.34,0.0,1e-05,experiments/logs/full_sft_mini.log
sft,1,2,1550,56608,1550,1.9375,1.9375,0.0,1e-05,experiments/logs/full_sft_mini.log
sft,1,2,1600,56608,1600,1.4859,1.4859,0.0,1e-05,experiments/logs/full_sft_mini.log
sft,1,2,1650,56608,1650,1.2874,1.2874,0.0,1e-05,experiments/logs/full_sft_mini.log
sft,1,2,1700,56608,1700,1.6723,1.6723,0.0,9.99e-06,experiments/logs/full_sft_mini.log
sft,1,2,1750,56608,1750,1.6348,1.6348,0.0,9.99e-06,experiments/logs/full_sft_mini.log
sft,1,2,1800,56608,1800,1.3164,1.3164,0.0,9.99e-06,experiments/logs/full_sft_mini.log
sft,1,2,1850,56608,1850,2.1561,2.1561,0.0,9.99e-06,experiments/logs/full_sft_mini.log
sft,1,2,1900,56608,1900,1.8533,1.8533,0.0,9.99e-06,experiments/logs/full_sft_mini.log
sft,1,2,1950,56608,1950,1.8554,1.8554,0.0,9.99e-06,experiments/logs/full_sft_mini.log
sft,1,2,2000,56608,2000,1.8933,1.8933,0.0,9.99e-06,experiments/logs/full_sft_mini.log
sft,1,2,2050,56608,2050,1.9745,1.9745,0.0,9.99e-06,experiments/logs/full_sft_mini.log
sft,1,2,2100,56608,2100,1.8185,1.8185,0.0,9.99e-06,experiments/logs/full_sft_mini.log
sft,1,2,2150,56608,2150,1.6467,1.6467,0.0,9.99e-06,experiments/logs/full_sft_mini.log
sft,1,2,2200,56608,2200,1.8781,1.8781,0.0,9.99e-06,experiments/logs/full_sft_mini.log
sft,1,2,2250,56608,2250,2.1843,2.1843,0.0,9.99e-06,experiments/logs/full_sft_mini.log
sft,1,2,2300,56608,2300,1.6195,1.6195,0.0,9.99e-06,experiments/logs/full_sft_mini.log
sft,1,2,2350,56608,2350,1.378,1.378,0.0,9.99e-06,experiments/logs/full_sft_mini.log
sft,1,2,2400,56608,2400,1.2921,1.2921,0.0,9.99e-06,experiments/logs/full_sft_mini.log
sft,1,2,2450,56608,2450,1.8014,1.8014,0.0,9.99e-06,experiments/logs/full_sft_mini.log
sft,1,2,2500,56608,2500,1.8596,1.8596,0.0,9.99e-06,experiments/logs/full_sft_mini.log
sft,1,2,2550,56608,2550,1.6671,1.6671,0.0,9.99e-06,experiments/logs/full_sft_mini.log
sft,1,2,2600,56608,2600,2.0653,2.0653,0.0,9.99e-06,experiments/logs/full_sft_mini.log
sft,1,2,2650,56608,2650,1.6001,1.6001,0.0,9.99e-06,experiments/logs/full_sft_mini.log
sft,1,2,2700,56608,2700,1.9399,1.9399,0.0,9.99e-06,experiments/logs/full_sft_mini.log
sft,1,2,2750,56608,2750,2.0296,2.0296,0.0,9.99e-06,experiments/logs/full_sft_mini.log
sft,1,2,2800,56608,2800,2.1908,2.1908,0.0,9.99e-06,experiments/logs/full_sft_mini.log
sft,1,2,2850,56608,2850,1.7417,1.7417,0.0,9.99e-06,experiments/logs/full_sft_mini.log
sft,1,2,2900,56608,2900,1.998,1.998,0.0,9.99e-06,experiments/logs/full_sft_mini.log
sft,1,2,2950,56608,2950,1.6672,1.6672,0.0,9.98e-06,experiments/logs/full_sft_mini.log
sft,1,2,3000,56608,3000,1.6936,1.6936,0.0,9.98e-06,experiments/logs/full_sft_mini.log
sft,1,2,3050,56608,3050,1.8216,1.8216,0.0,9.98e-06,experiments/logs/full_sft_mini.log
sft,1,2,3100,56608,3100,1.7286,1.7286,0.0,9.98e-06,experiments/logs/full_sft_mini.log
sft,1,2,3150,56608,3150,1.6864,1.6864,0.0,9.98e-06,experiments/logs/full_sft_mini.log
sft,1,2,3200,56608,3200,1.991,1.991,0.0,9.98e-06,experiments/logs/full_sft_mini.log
sft,1,2,3250,56608,3250,1.9627,1.9627,0.0,9.98e-06,experiments/logs/full_sft_mini.log
sft,1,2,3300,56608,3300,1.9563,1.9563,0.0,9.98e-06,experiments/logs/full_sft_mini.log
sft,1,2,3350,56608,3350,1.9822,1.9822,0.0,9.98e-06,experiments/logs/full_sft_mini.log
sft,1,2,3400,56608,3400,1.6709,1.6709,0.0,9.98e-06,experiments/logs/full_sft_mini.log
sft,1,2,3450,56608,3450,1.8373,1.8373,0.0,9.98e-06,experiments/logs/full_sft_mini.log
sft,1,2,3500,56608,3500,1.802,1.802,0.0,9.98e-06,experiments/logs/full_sft_mini.log
sft,1,2,3550,56608,3550,1.3746,1.3746,0.0,9.98e-06,experiments/logs/full_sft_mini.log
sft,1,2,3600,56608,3600,1.7595,1.7595,0.0,9.98e-06,experiments/logs/full_sft_mini.log
sft,1,2,3650,56608,3650,2.2734,2.2734,0.0,9.98e-06,experiments/logs/full_sft_mini.log
sft,1,2,3700,56608,3700,1.7516,1.7516,0.0,9.98e-06,experiments/logs/full_sft_mini.log
sft,1,2,3750,56608,3750,1.9722,1.9722,0.0,9.98e-06,experiments/logs/full_sft_mini.log
sft,1,2,3800,56608,3800,1.9156,1.9156,0.0,9.98e-06,experiments/logs/full_sft_mini.log
sft,1,2,3850,56608,3850,1.8003,1.8003,0.0,9.97e-06,experiments/logs/full_sft_mini.log
sft,1,2,3900,56608,3900,1.0649,1.0649,0.0,9.97e-06,experiments/logs/full_sft_mini.log
sft,1,2,3950,56608,3950,1.9349,1.9349,0.0,9.97e-06,experiments/logs/full_sft_mini.log
sft,1,2,4000,56608,4000,1.4818,1.4818,0.0,9.97e-06,experiments/logs/full_sft_mini.log
sft,1,2,4050,56608,4050,1.7262,1.7262,0.0,9.97e-06,experiments/logs/full_sft_mini.log
sft,1,2,4100,56608,4100,1.8441,1.8441,0.0,9.97e-06,experiments/logs/full_sft_mini.log
sft,1,2,4150,56608,4150,1.8857,1.8857,0.0,9.97e-06,experiments/logs/full_sft_mini.log
sft,1,2,4200,56608,4200,1.9687,1.9687,0.0,9.97e-06,experiments/logs/full_sft_mini.log
sft,1,2,4250,56608,4250,1.4866,1.4866,0.0,9.97e-06,experiments/logs/full_sft_mini.log
sft,1,2,4300,56608,4300,1.7549,1.7549,0.0,9.97e-06,experiments/logs/full_sft_mini.log
sft,1,2,4350,56608,4350,1.6891,1.6891,0.0,9.97e-06,experiments/logs/full_sft_mini.log
sft,1,2,4400,56608,4400,1.6385,1.6385,0.0,9.97e-06,experiments/logs/full_sft_mini.log
sft,1,2,4450,56608,4450,1.4212,1.4212,0.0,9.97e-06,experiments/logs/full_sft_mini.log
sft,1,2,4500,56608,4500,2.0707,2.0707,0.0,9.96e-06,experiments/logs/full_sft_mini.log
sft,1,2,4550,56608,4550,1.8315,1.8315,0.0,9.96e-06,experiments/logs/full_sft_mini.log
sft,1,2,4600,56608,4600,1.5282,1.5282,0.0,9.96e-06,experiments/logs/full_sft_mini.log
sft,1,2,4650,56608,4650,1.4528,1.4528,0.0,9.96e-06,experiments/logs/full_sft_mini.log
sft,1,2,4700,56608,4700,1.7694,1.7694,0.0,9.96e-06,experiments/logs/full_sft_mini.log
sft,1,2,4750,56608,4750,1.6616,1.6616,0.0,9.96e-06,experiments/logs/full_sft_mini.log
sft,1,2,4800,56608,4800,1.6712,1.6712,0.0,9.96e-06,experiments/logs/full_sft_mini.log
sft,1,2,4850,56608,4850,1.6037,1.6037,0.0,9.96e-06,experiments/logs/full_sft_mini.log
sft,1,2,4900,56608,4900,1.9088,1.9088,0.0,9.96e-06,experiments/logs/full_sft_mini.log
sft,1,2,4950,56608,4950,1.7637,1.7637,0.0,9.96e-06,experiments/logs/full_sft_mini.log
sft,1,2,5000,56608,5000,1.7598,1.7598,0.0,9.96e-06,experiments/logs/full_sft_mini.log
sft,1,2,5050,56608,5050,1.8317,1.8317,0.0,9.96e-06,experiments/logs/full_sft_mini.log
sft,1,2,5100,56608,5100,1.3014,1.3014,0.0,9.96e-06,experiments/logs/full_sft_mini.log
sft,1,2,5150,56608,5150,1.484,1.484,0.0,9.95e-06,experiments/logs/full_sft_mini.log
sft,1,2,5200,56608,5200,2.0605,2.0605,0.0,9.95e-06,experiments/logs/full_sft_mini.log
sft,1,2,5250,56608,5250,1.917,1.917,0.0,9.95e-06,experiments/logs/full_sft_mini.log
sft,1,2,5300,56608,5300,1.665,1.665,0.0,9.95e-06,experiments/logs/full_sft_mini.log
sft,1,2,5350,56608,5350,2.2042,2.2042,0.0,9.95e-06,experiments/logs/full_sft_mini.log
sft,1,2,5400,56608,5400,1.5677,1.5677,0.0,9.95e-06,experiments/logs/full_sft_mini.log
sft,1,2,5450,56608,5450,1.6794,1.6794,0.0,9.95e-06,experiments/logs/full_sft_mini.log
sft,1,2,5500,56608,5500,1.9519,1.9519,0.0,9.95e-06,experiments/logs/full_sft_mini.log
sft,1,2,5550,56608,5550,1.9137,1.9137,0.0,9.95e-06,experiments/logs/full_sft_mini.log
sft,1,2,5600,56608,5600,1.8536,1.8536,0.0,9.95e-06,experiments/logs/full_sft_mini.log
sft,1,2,5650,56608,5650,1.8233,1.8233,0.0,9.94e-06,experiments/logs/full_sft_mini.log
sft,1,2,5700,56608,5700,2.0049,2.0049,0.0,9.94e-06,experiments/logs/full_sft_mini.log
sft,1,2,5750,56608,5750,1.3997,1.3997,0.0,9.94e-06,experiments/logs/full_sft_mini.log
sft,1,2,5800,56608,5800,1.7918,1.7918,0.0,9.94e-06,experiments/logs/full_sft_mini.log
sft,1,2,5850,56608,5850,1.4511,1.4511,0.0,9.94e-06,experiments/logs/full_sft_mini.log
sft,1,2,5900,56608,5900,2.0572,2.0572,0.0,9.94e-06,experiments/logs/full_sft_mini.log
sft,1,2,5950,56608,5950,1.0157,1.0157,0.0,9.94e-06,experiments/logs/full_sft_mini.log
sft,1,2,6000,56608,6000,1.9368,1.9368,0.0,9.94e-06,experiments/logs/full_sft_mini.log
sft,1,2,6050,56608,6050,1.5588,1.5588,0.0,9.94e-06,experiments/logs/full_sft_mini.log
sft,1,2,6100,56608,6100,1.7033,1.7033,0.0,9.94e-06,experiments/logs/full_sft_mini.log
sft,1,2,6150,56608,6150,1.6915,1.6915,0.0,9.93e-06,experiments/logs/full_sft_mini.log
sft,1,2,6200,56608,6200,1.4888,1.4888,0.0,9.93e-06,experiments/logs/full_sft_mini.log
sft,1,2,6250,56608,6250,1.8739,1.8739,0.0,9.93e-06,experiments/logs/full_sft_mini.log
sft,1,2,6300,56608,6300,2.0989,2.0989,0.0,9.93e-06,experiments/logs/full_sft_mini.log
sft,1,2,6350,56608,6350,1.9539,1.9539,0.0,9.93e-06,experiments/logs/full_sft_mini.log
sft,1,2,6400,56608,6400,1.9498,1.9498,0.0,9.93e-06,experiments/logs/full_sft_mini.log
sft,1,2,6450,56608,6450,1.9016,1.9016,0.0,9.93e-06,experiments/logs/full_sft_mini.log
sft,1,2,6500,56608,6500,1.6775,1.6775,0.0,9.93e-06,experiments/logs/full_sft_mini.log
sft,1,2,6550,56608,6550,1.8143,1.8143,0.0,9.93e-06,experiments/logs/full_sft_mini.log
sft,1,2,6600,56608,6600,1.6489,1.6489,0.0,9.92e-06,experiments/logs/full_sft_mini.log
sft,1,2,6650,56608,6650,1.7627,1.7627,0.0,9.92e-06,experiments/logs/full_sft_mini.log
sft,1,2,6700,56608,6700,1.8105,1.8105,0.0,9.92e-06,experiments/logs/full_sft_mini.log
sft,1,2,6750,56608,6750,1.9897,1.9897,0.0,9.92e-06,experiments/logs/full_sft_mini.log
sft,1,2,6800,56608,6800,1.5905,1.5905,0.0,9.92e-06,experiments/logs/full_sft_mini.log
sft,1,2,6850,56608,6850,2.1219,2.1219,0.0,9.92e-06,experiments/logs/full_sft_mini.log
sft,1,2,6900,56608,6900,1.9826,1.9826,0.0,9.92e-06,experiments/logs/full_sft_mini.log
sft,1,2,6950,56608,6950,1.6712,1.6712,0.0,9.92e-06,experiments/logs/full_sft_mini.log
sft,1,2,7000,56608,7000,2.0358,2.0358,0.0,9.92e-06,experiments/logs/full_sft_mini.log
sft,1,2,7050,56608,7050,1.7182,1.7182,0.0,9.91e-06,experiments/logs/full_sft_mini.log
sft,1,2,7100,56608,7100,1.5546,1.5546,0.0,9.91e-06,experiments/logs/full_sft_mini.log
sft,1,2,7150,56608,7150,1.7859,1.7859,0.0,9.91e-06,experiments/logs/full_sft_mini.log
sft,1,2,7200,56608,7200,1.4591,1.4591,0.0,9.91e-06,experiments/logs/full_sft_mini.log
sft,1,2,7250,56608,7250,1.8663,1.8663,0.0,9.91e-06,experiments/logs/full_sft_mini.log
sft,1,2,7300,56608,7300,1.816,1.816,0.0,9.91e-06,experiments/logs/full_sft_mini.log
sft,1,2,7350,56608,7350,1.871,1.871,0.0,9.91e-06,experiments/logs/full_sft_mini.log
sft,1,2,7400,56608,7400,1.7035,1.7035,0.0,9.91e-06,experiments/logs/full_sft_mini.log
sft,1,2,7450,56608,7450,1.9359,1.9359,0.0,9.9e-06,experiments/logs/full_sft_mini.log
sft,1,2,7500,56608,7500,1.7306,1.7306,0.0,9.9e-06,experiments/logs/full_sft_mini.log
sft,1,2,7550,56608,7550,1.3021,1.3021,0.0,9.9e-06,experiments/logs/full_sft_mini.log
sft,1,2,7600,56608,7600,1.8991,1.8991,0.0,9.9e-06,experiments/logs/full_sft_mini.log
sft,1,2,7650,56608,7650,1.9286,1.9286,0.0,9.9e-06,experiments/logs/full_sft_mini.log
sft,1,2,7700,56608,7700,1.4792,1.4792,0.0,9.9e-06,experiments/logs/full_sft_mini.log
sft,1,2,7750,56608,7750,1.5405,1.5405,0.0,9.9e-06,experiments/logs/full_sft_mini.log
sft,1,2,7800,56608,7800,1.8863,1.8863,0.0,9.9e-06,experiments/logs/full_sft_mini.log
sft,1,2,7850,56608,7850,1.6852,1.6852,0.0,9.89e-06,experiments/logs/full_sft_mini.log
sft,1,2,7900,56608,7900,1.6066,1.6066,0.0,9.89e-06,experiments/logs/full_sft_mini.log
sft,1,2,7950,56608,7950,1.7807,1.7807,0.0,9.89e-06,experiments/logs/full_sft_mini.log
sft,1,2,8000,56608,8000,1.5964,1.5964,0.0,9.89e-06,experiments/logs/full_sft_mini.log
sft,1,2,8050,56608,8050,1.6294,1.6294,0.0,9.89e-06,experiments/logs/full_sft_mini.log
sft,1,2,8100,56608,8100,1.5873,1.5873,0.0,9.89e-06,experiments/logs/full_sft_mini.log
sft,1,2,8150,56608,8150,1.9144,1.9144,0.0,9.89e-06,experiments/logs/full_sft_mini.log
sft,1,2,8200,56608,8200,1.7866,1.7866,0.0,9.88e-06,experiments/logs/full_sft_mini.log
sft,1,2,8250,56608,8250,1.864,1.864,0.0,9.88e-06,experiments/logs/full_sft_mini.log
sft,1,2,8300,56608,8300,1.7619,1.7619,0.0,9.88e-06,experiments/logs/full_sft_mini.log
sft,1,2,8350,56608,8350,1.6596,1.6596,0.0,9.88e-06,experiments/logs/full_sft_mini.log
sft,1,2,8400,56608,8400,1.5768,1.5768,0.0,9.88e-06,experiments/logs/full_sft_mini.log
sft,1,2,8450,56608,8450,1.8003,1.8003,0.0,9.88e-06,experiments/logs/full_sft_mini.log
sft,1,2,8500,56608,8500,1.5938,1.5938,0.0,9.88e-06,experiments/logs/full_sft_mini.log
sft,1,2,8550,56608,8550,2.0709,2.0709,0.0,9.87e-06,experiments/logs/full_sft_mini.log
sft,1,2,8600,56608,8600,1.3653,1.3653,0.0,9.87e-06,experiments/logs/full_sft_mini.log
sft,1,2,8650,56608,8650,1.5416,1.5416,0.0,9.87e-06,experiments/logs/full_sft_mini.log
sft,1,2,8700,56608,8700,1.511,1.511,0.0,9.87e-06,experiments/logs/full_sft_mini.log
sft,1,2,8750,56608,8750,1.6648,1.6648,0.0,9.87e-06,experiments/logs/full_sft_mini.log
sft,1,2,8800,56608,8800,1.4881,1.4881,0.0,9.87e-06,experiments/logs/full_sft_mini.log
sft,1,2,8850,56608,8850,1.9564,1.9564,0.0,9.86e-06,experiments/logs/full_sft_mini.log
sft,1,2,8900,56608,8900,1.8084,1.8084,0.0,9.86e-06,experiments/logs/full_sft_mini.log
sft,1,2,8950,56608,8950,1.645,1.645,0.0,9.86e-06,experiments/logs/full_sft_mini.log
sft,1,2,9000,56608,9000,1.8519,1.8519,0.0,9.86e-06,experiments/logs/full_sft_mini.log
sft,1,2,9050,56608,9050,1.5507,1.5507,0.0,9.86e-06,experiments/logs/full_sft_mini.log
sft,1,2,9100,56608,9100,1.8604,1.8604,0.0,9.86e-06,experiments/logs/full_sft_mini.log
sft,1,2,9150,56608,9150,1.5392,1.5392,0.0,9.86e-06,experiments/logs/full_sft_mini.log
sft,1,2,9200,56608,9200,1.5709,1.5709,0.0,9.85e-06,experiments/logs/full_sft_mini.log
sft,1,2,9250,56608,9250,1.776,1.776,0.0,9.85e-06,experiments/logs/full_sft_mini.log
sft,1,2,9300,56608,9300,1.6859,1.6859,0.0,9.85e-06,experiments/logs/full_sft_mini.log
sft,1,2,9350,56608,9350,1.5885,1.5885,0.0,9.85e-06,experiments/logs/full_sft_mini.log
sft,1,2,9400,56608,9400,1.3483,1.3483,0.0,9.85e-06,experiments/logs/full_sft_mini.log
sft,1,2,9450,56608,9450,1.6024,1.6024,0.0,9.85e-06,experiments/logs/full_sft_mini.log
sft,1,2,9500,56608,9500,1.9567,1.9567,0.0,9.84e-06,experiments/logs/full_sft_mini.log
sft,1,2,9550,56608,9550,1.6284,1.6284,0.0,9.84e-06,experiments/logs/full_sft_mini.log
sft,1,2,9600,56608,9600,1.7106,1.7106,0.0,9.84e-06,experiments/logs/full_sft_mini.log
sft,1,2,9650,56608,9650,1.6149,1.6149,0.0,9.84e-06,experiments/logs/full_sft_mini.log
sft,1,2,9700,56608,9700,1.7343,1.7343,0.0,9.84e-06,experiments/logs/full_sft_mini.log
sft,1,2,9750,56608,9750,1.6345,1.6345,0.0,9.84e-06,experiments/logs/full_sft_mini.log
sft,1,2,9800,56608,9800,1.5962,1.5962,0.0,9.83e-06,experiments/logs/full_sft_mini.log
sft,1,2,9850,56608,9850,1.8241,1.8241,0.0,9.83e-06,experiments/logs/full_sft_mini.log
sft,1,2,9900,56608,9900,1.6166,1.6166,0.0,9.83e-06,experiments/logs/full_sft_mini.log
sft,1,2,9950,56608,9950,1.7664,1.7664,0.0,9.83e-06,experiments/logs/full_sft_mini.log
sft,1,2,10000,56608,10000,1.6384,1.6384,0.0,9.83e-06,experiments/logs/full_sft_mini.log
sft,1,2,10050,56608,10050,2.0572,2.0572,0.0,9.83e-06,experiments/logs/full_sft_mini.log
sft,1,2,10100,56608,10100,1.6822,1.6822,0.0,9.82e-06,experiments/logs/full_sft_mini.log
sft,1,2,10150,56608,10150,1.9633,1.9633,0.0,9.82e-06,experiments/logs/full_sft_mini.log
sft,1,2,10200,56608,10200,1.8261,1.8261,0.0,9.82e-06,experiments/logs/full_sft_mini.log
sft,1,2,10250,56608,10250,1.6144,1.6144,0.0,9.82e-06,experiments/logs/full_sft_mini.log
sft,1,2,10300,56608,10300,1.1576,1.1576,0.0,9.82e-06,experiments/logs/full_sft_mini.log
sft,1,2,10350,56608,10350,1.5451,1.5451,0.0,9.82e-06,experiments/logs/full_sft_mini.log
sft,1,2,10400,56608,10400,1.696,1.696,0.0,9.81e-06,experiments/logs/full_sft_mini.log
sft,1,2,10450,56608,10450,2.0641,2.0641,0.0,9.81e-06,experiments/logs/full_sft_mini.log
sft,1,2,10500,56608,10500,1.9338,1.9338,0.0,9.81e-06,experiments/logs/full_sft_mini.log
sft,1,2,10550,56608,10550,1.5814,1.5814,0.0,9.81e-06,experiments/logs/full_sft_mini.log
sft,1,2,10600,56608,10600,1.6153,1.6153,0.0,9.81e-06,experiments/logs/full_sft_mini.log
sft,1,2,10650,56608,10650,1.7242,1.7242,0.0,9.8e-06,experiments/logs/full_sft_mini.log
sft,1,2,10700,56608,10700,1.8499,1.8499,0.0,9.8e-06,experiments/logs/full_sft_mini.log
sft,1,2,10750,56608,10750,1.7531,1.7531,0.0,9.8e-06,experiments/logs/full_sft_mini.log
sft,1,2,10800,56608,10800,1.9579,1.9579,0.0,9.8e-06,experiments/logs/full_sft_mini.log
sft,1,2,10850,56608,10850,1.9817,1.9817,0.0,9.8e-06,experiments/logs/full_sft_mini.log
sft,1,2,10900,56608,10900,1.5765,1.5765,0.0,9.8e-06,experiments/logs/full_sft_mini.log
sft,1,2,10950,56608,10950,2.0046,2.0046,0.0,9.79e-06,experiments/logs/full_sft_mini.log
sft,1,2,11000,56608,11000,1.6433,1.6433,0.0,9.79e-06,experiments/logs/full_sft_mini.log
sft,1,2,11050,56608,11050,1.731,1.731,0.0,9.79e-06,experiments/logs/full_sft_mini.log
sft,1,2,11100,56608,11100,1.46,1.46,0.0,9.79e-06,experiments/logs/full_sft_mini.log
sft,1,2,11150,56608,11150,1.9561,1.9561,0.0,9.79e-06,experiments/logs/full_sft_mini.log
sft,1,2,11200,56608,11200,2.0365,2.0365,0.0,9.78e-06,experiments/logs/full_sft_mini.log
sft,1,2,11250,56608,11250,1.4441,1.4441,0.0,9.78e-06,experiments/logs/full_sft_mini.log
sft,1,2,11300,56608,11300,1.6569,1.6569,0.0,9.78e-06,experiments/logs/full_sft_mini.log
sft,1,2,11350,56608,11350,2.0386,2.0386,0.0,9.78e-06,experiments/logs/full_sft_mini.log
sft,1,2,11400,56608,11400,1.7027,1.7027,0.0,9.78e-06,experiments/logs/full_sft_mini.log
sft,1,2,11450,56608,11450,1.6324,1.6324,0.0,9.77e-06,experiments/logs/full_sft_mini.log
sft,1,2,11500,56608,11500,1.5176,1.5176,0.0,9.77e-06,experiments/logs/full_sft_mini.log
sft,1,2,11550,56608,11550,1.5518,1.5518,0.0,9.77e-06,experiments/logs/full_sft_mini.log
sft,1,2,11600,56608,11600,1.7598,1.7598,0.0,9.77e-06,experiments/logs/full_sft_mini.log
sft,1,2,11650,56608,11650,1.8032,1.8032,0.0,9.77e-06,experiments/logs/full_sft_mini.log
sft,1,2,11700,56608,11700,1.829,1.829,0.0,9.76e-06,experiments/logs/full_sft_mini.log
sft,1,2,11750,56608,11750,1.6579,1.6579,0.0,9.76e-06,experiments/logs/full_sft_mini.log
sft,1,2,11800,56608,11800,1.9968,1.9968,0.0,9.76e-06,experiments/logs/full_sft_mini.log
sft,1,2,11850,56608,11850,1.3925,1.3925,0.0,9.76e-06,experiments/logs/full_sft_mini.log
sft,1,2,11900,56608,11900,1.6818,1.6818,0.0,9.76e-06,experiments/logs/full_sft_mini.log
sft,1,2,11950,56608,11950,1.7534,1.7534,0.0,9.75e-06,experiments/logs/full_sft_mini.log
sft,1,2,12000,56608,12000,1.7636,1.7636,0.0,9.75e-06,experiments/logs/full_sft_mini.log
sft,1,2,12050,56608,12050,1.5184,1.5184,0.0,9.75e-06,experiments/logs/full_sft_mini.log
sft,1,2,12100,56608,12100,1.794,1.794,0.0,9.75e-06,experiments/logs/full_sft_mini.log
sft,1,2,12150,56608,12150,1.6677,1.6677,0.0,9.75e-06,experiments/logs/full_sft_mini.log
sft,1,2,12200,56608,12200,2.0064,2.0064,0.0,9.74e-06,experiments/logs/full_sft_mini.log
sft,1,2,12250,56608,12250,1.5273,1.5273,0.0,9.74e-06,experiments/logs/full_sft_mini.log
sft,1,2,12300,56608,12300,1.6861,1.6861,0.0,9.74e-06,experiments/logs/full_sft_mini.log
sft,1,2,12350,56608,12350,1.3966,1.3966,0.0,9.74e-06,experiments/logs/full_sft_mini.log
sft,1,2,12400,56608,12400,1.8821,1.8821,0.0,9.74e-06,experiments/logs/full_sft_mini.log
sft,1,2,12450,56608,12450,1.6886,1.6886,0.0,9.73e-06,experiments/logs/full_sft_mini.log
sft,1,2,12500,56608,12500,1.8524,1.8524,0.0,9.73e-06,experiments/logs/full_sft_mini.log
sft,1,2,12550,56608,12550,1.7049,1.7049,0.0,9.73e-06,experiments/logs/full_sft_mini.log
sft,1,2,12600,56608,12600,1.4914,1.4914,0.0,9.73e-06,experiments/logs/full_sft_mini.log
sft,1,2,12650,56608,12650,1.7576,1.7576,0.0,9.73e-06,experiments/logs/full_sft_mini.log
sft,1,2,12700,56608,12700,2.1547,2.1547,0.0,9.72e-06,experiments/logs/full_sft_mini.log
sft,1,2,12750,56608,12750,1.7147,1.7147,0.0,9.72e-06,experiments/logs/full_sft_mini.log
sft,1,2,12800,56608,12800,1.3422,1.3422,0.0,9.72e-06,experiments/logs/full_sft_mini.log
sft,1,2,12850,56608,12850,2.4061,2.4061,0.0,9.72e-06,experiments/logs/full_sft_mini.log
sft,1,2,12900,56608,12900,1.5739,1.5739,0.0,9.71e-06,experiments/logs/full_sft_mini.log
sft,1,2,12950,56608,12950,1.6863,1.6863,0.0,9.71e-06,experiments/logs/full_sft_mini.log
sft,1,2,13000,56608,13000,1.9588,1.9588,0.0,9.71e-06,experiments/logs/full_sft_mini.log
sft,1,2,13050,56608,13050,1.615,1.615,0.0,9.71e-06,experiments/logs/full_sft_mini.log
sft,1,2,13100,56608,13100,1.4671,1.4671,0.0,9.71e-06,experiments/logs/full_sft_mini.log
sft,1,2,13150,56608,13150,1.5038,1.5038,0.0,9.7e-06,experiments/logs/full_sft_mini.log
sft,1,2,13200,56608,13200,1.5162,1.5162,0.0,9.7e-06,experiments/logs/full_sft_mini.log
sft,1,2,13250,56608,13250,1.4612,1.4612,0.0,9.7e-06,experiments/logs/full_sft_mini.log
sft,1,2,13300,56608,13300,1.8551,1.8551,0.0,9.7e-06,experiments/logs/full_sft_mini.log
sft,1,2,13350,56608,13350,2.0538,2.0538,0.0,9.69e-06,experiments/logs/full_sft_mini.log
sft,1,2,13400,56608,13400,1.8434,1.8434,0.0,9.69e-06,experiments/logs/full_sft_mini.log
sft,1,2,13450,56608,13450,1.3789,1.3789,0.0,9.69e-06,experiments/logs/full_sft_mini.log
sft,1,2,13500,56608,13500,1.638,1.638,0.0,9.69e-06,experiments/logs/full_sft_mini.log
sft,1,2,13550,56608,13550,1.6918,1.6918,0.0,9.69e-06,experiments/logs/full_sft_mini.log
sft,1,2,13600,56608,13600,1.3591,1.3591,0.0,9.68e-06,experiments/logs/full_sft_mini.log
sft,1,2,13650,56608,13650,1.2896,1.2896,0.0,9.68e-06,experiments/logs/full_sft_mini.log
sft,1,2,13700,56608,13700,1.5879,1.5879,0.0,9.68e-06,experiments/logs/full_sft_mini.log
sft,1,2,13750,56608,13750,1.7065,1.7065,0.0,9.68e-06,experiments/logs/full_sft_mini.log
sft,1,2,13800,56608,13800,1.2696,1.2696,0.0,9.67e-06,experiments/logs/full_sft_mini.log
sft,1,2,13850,56608,13850,1.3189,1.3189,0.0,9.67e-06,experiments/logs/full_sft_mini.log
sft,1,2,13900,56608,13900,1.9304,1.9304,0.0,9.67e-06,experiments/logs/full_sft_mini.log
sft,1,2,13950,56608,13950,1.5149,1.5149,0.0,9.67e-06,experiments/logs/full_sft_mini.log
sft,1,2,14000,56608,14000,1.52,1.52,0.0,9.66e-06,experiments/logs/full_sft_mini.log
sft,1,2,14050,56608,14050,1.7748,1.7748,0.0,9.66e-06,experiments/logs/full_sft_mini.log
sft,1,2,14100,56608,14100,1.8311,1.8311,0.0,9.66e-06,experiments/logs/full_sft_mini.log
sft,1,2,14150,56608,14150,1.6998,1.6998,0.0,9.66e-06,experiments/logs/full_sft_mini.log
sft,1,2,14200,56608,14200,1.6259,1.6259,0.0,9.66e-06,experiments/logs/full_sft_mini.log
sft,1,2,14250,56608,14250,1.6957,1.6957,0.0,9.65e-06,experiments/logs/full_sft_mini.log
sft,1,2,14300,56608,14300,1.4887,1.4887,0.0,9.65e-06,experiments/logs/full_sft_mini.log
sft,1,2,14350,56608,14350,1.3583,1.3583,0.0,9.65e-06,experiments/logs/full_sft_mini.log
sft,1,2,14400,56608,14400,1.3642,1.3642,0.0,9.65e-06,experiments/logs/full_sft_mini.log
sft,1,2,14450,56608,14450,1.7246,1.7246,0.0,9.64e-06,experiments/logs/full_sft_mini.log
sft,1,2,14500,56608,14500,1.6256,1.6256,0.0,9.64e-06,experiments/logs/full_sft_mini.log
sft,1,2,14550,56608,14550,1.8038,1.8038,0.0,9.64e-06,experiments/logs/full_sft_mini.log
sft,1,2,14600,56608,14600,1.743,1.743,0.0,9.64e-06,experiments/logs/full_sft_mini.log
sft,1,2,14650,56608,14650,1.6943,1.6943,0.0,9.63e-06,experiments/logs/full_sft_mini.log
sft,1,2,14700,56608,14700,1.5783,1.5783,0.0,9.63e-06,experiments/logs/full_sft_mini.log
sft,1,2,14750,56608,14750,1.7722,1.7722,0.0,9.63e-06,experiments/logs/full_sft_mini.log
sft,1,2,14800,56608,14800,1.7251,1.7251,0.0,9.63e-06,experiments/logs/full_sft_mini.log
sft,1,2,14850,56608,14850,1.1802,1.1802,0.0,9.62e-06,experiments/logs/full_sft_mini.log
sft,1,2,14900,56608,14900,1.8054,1.8054,0.0,9.62e-06,experiments/logs/full_sft_mini.log
sft,1,2,14950,56608,14950,1.6952,1.6952,0.0,9.62e-06,experiments/logs/full_sft_mini.log
sft,1,2,15000,56608,15000,1.2001,1.2001,0.0,9.62e-06,experiments/logs/full_sft_mini.log
sft,1,2,15050,56608,15050,1.2831,1.2831,0.0,9.61e-06,experiments/logs/full_sft_mini.log
sft,1,2,15100,56608,15100,1.7773,1.7773,0.0,9.61e-06,experiments/logs/full_sft_mini.log
sft,1,2,15150,56608,15150,1.6431,1.6431,0.0,9.61e-06,experiments/logs/full_sft_mini.log
sft,1,2,15200,56608,15200,1.6469,1.6469,0.0,9.61e-06,experiments/logs/full_sft_mini.log
sft,1,2,15250,56608,15250,1.5878,1.5878,0.0,9.6e-06,experiments/logs/full_sft_mini.log
sft,1,2,15300,56608,15300,1.8833,1.8833,0.0,9.6e-06,experiments/logs/full_sft_mini.log
sft,1,2,15350,56608,15350,1.8194,1.8194,0.0,9.6e-06,experiments/logs/full_sft_mini.log
sft,1,2,15400,56608,15400,1.79,1.79,0.0,9.6e-06,experiments/logs/full_sft_mini.log
sft,1,2,15450,56608,15450,1.6724,1.6724,0.0,9.59e-06,experiments/logs/full_sft_mini.log
sft,1,2,15500,56608,15500,2.0988,2.0988,0.0,9.59e-06,experiments/logs/full_sft_mini.log
sft,1,2,15550,56608,15550,1.4968,1.4968,0.0,9.59e-06,experiments/logs/full_sft_mini.log
sft,1,2,15600,56608,15600,1.5768,1.5768,0.0,9.58e-06,experiments/logs/full_sft_mini.log
sft,1,2,15650,56608,15650,1.4445,1.4445,0.0,9.58e-06,experiments/logs/full_sft_mini.log
sft,1,2,15700,56608,15700,1.7526,1.7526,0.0,9.58e-06,experiments/logs/full_sft_mini.log
sft,1,2,15750,56608,15750,1.8359,1.8359,0.0,9.58e-06,experiments/logs/full_sft_mini.log
sft,1,2,15800,56608,15800,1.7605,1.7605,0.0,9.57e-06,experiments/logs/full_sft_mini.log
sft,1,2,15850,56608,15850,1.5069,1.5069,0.0,9.57e-06,experiments/logs/full_sft_mini.log
sft,1,2,15900,56608,15900,1.6616,1.6616,0.0,9.57e-06,experiments/logs/full_sft_mini.log
sft,1,2,15950,56608,15950,1.6799,1.6799,0.0,9.57e-06,experiments/logs/full_sft_mini.log
sft,1,2,16000,56608,16000,1.7423,1.7423,0.0,9.56e-06,experiments/logs/full_sft_mini.log
sft,1,2,16050,56608,16050,1.7247,1.7247,0.0,9.56e-06,experiments/logs/full_sft_mini.log
sft,1,2,16100,56608,16100,1.6345,1.6345,0.0,9.56e-06,experiments/logs/full_sft_mini.log
sft,1,2,16150,56608,16150,1.4394,1.4394,0.0,9.56e-06,experiments/logs/full_sft_mini.log
sft,1,2,16200,56608,16200,1.9191,1.9191,0.0,9.55e-06,experiments/logs/full_sft_mini.log
sft,1,2,16250,56608,16250,1.6343,1.6343,0.0,9.55e-06,experiments/logs/full_sft_mini.log
sft,1,2,16300,56608,16300,2.4789,2.4789,0.0,9.55e-06,experiments/logs/full_sft_mini.log
sft,1,2,16350,56608,16350,1.0311,1.0311,0.0,9.54e-06,experiments/logs/full_sft_mini.log
sft,1,2,16400,56608,16400,1.7165,1.7165,0.0,9.54e-06,experiments/logs/full_sft_mini.log
sft,1,2,16450,56608,16450,1.505,1.505,0.0,9.54e-06,experiments/logs/full_sft_mini.log
sft,1,2,16500,56608,16500,1.532,1.532,0.0,9.54e-06,experiments/logs/full_sft_mini.log
sft,1,2,16550,56608,16550,1.7247,1.7247,0.0,9.53e-06,experiments/logs/full_sft_mini.log
sft,1,2,16600,56608,16600,2.0267,2.0267,0.0,9.53e-06,experiments/logs/full_sft_mini.log
sft,1,2,16650,56608,16650,1.4704,1.4704,0.0,9.53e-06,experiments/logs/full_sft_mini.log
sft,1,2,16700,56608,16700,1.5541,1.5541,0.0,9.53e-06,experiments/logs/full_sft_mini.log
sft,1,2,16750,56608,16750,1.8852,1.8852,0.0,9.52e-06,experiments/logs/full_sft_mini.log
sft,1,2,16800,56608,16800,1.3956,1.3956,0.0,9.52e-06,experiments/logs/full_sft_mini.log
sft,1,2,16850,56608,16850,1.9323,1.9323,0.0,9.52e-06,experiments/logs/full_sft_mini.log
sft,1,2,16900,56608,16900,1.69,1.69,0.0,9.51e-06,experiments/logs/full_sft_mini.log
sft,1,2,16950,56608,16950,1.8811,1.8811,0.0,9.51e-06,experiments/logs/full_sft_mini.log
sft,1,2,17000,56608,17000,1.7468,1.7468,0.0,9.51e-06,experiments/logs/full_sft_mini.log
sft,1,2,17050,56608,17050,1.5019,1.5019,0.0,9.51e-06,experiments/logs/full_sft_mini.log
sft,1,2,17100,56608,17100,1.8579,1.8579,0.0,9.5e-06,experiments/logs/full_sft_mini.log
sft,1,2,17150,56608,17150,1.5585,1.5585,0.0,9.5e-06,experiments/logs/full_sft_mini.log
sft,1,2,17200,56608,17200,1.731,1.731,0.0,9.5e-06,experiments/logs/full_sft_mini.log
sft,1,2,17250,56608,17250,1.4237,1.4237,0.0,9.49e-06,experiments/logs/full_sft_mini.log
sft,1,2,17300,56608,17300,2.0101,2.0101,0.0,9.49e-06,experiments/logs/full_sft_mini.log
sft,1,2,17350,56608,17350,1.8675,1.8675,0.0,9.49e-06,experiments/logs/full_sft_mini.log
sft,1,2,17400,56608,17400,1.3918,1.3918,0.0,9.49e-06,experiments/logs/full_sft_mini.log
sft,1,2,17450,56608,17450,1.7898,1.7898,0.0,9.48e-06,experiments/logs/full_sft_mini.log
sft,1,2,17500,56608,17500,1.7455,1.7455,0.0,9.48e-06,experiments/logs/full_sft_mini.log
sft,1,2,17550,56608,17550,1.4424,1.4424,0.0,9.48e-06,experiments/logs/full_sft_mini.log
sft,1,2,17600,56608,17600,1.2658,1.2658,0.0,9.47e-06,experiments/logs/full_sft_mini.log
sft,1,2,17650,56608,17650,2.067,2.067,0.0,9.47e-06,experiments/logs/full_sft_mini.log
sft,1,2,17700,56608,17700,1.5235,1.5235,0.0,9.47e-06,experiments/logs/full_sft_mini.log
sft,1,2,17750,56608,17750,1.4757,1.4757,0.0,9.47e-06,experiments/logs/full_sft_mini.log
sft,1,2,17800,56608,17800,1.6001,1.6001,0.0,9.46e-06,experiments/logs/full_sft_mini.log
sft,1,2,17850,56608,17850,1.3508,1.3508,0.0,9.46e-06,experiments/logs/full_sft_mini.log
sft,1,2,17900,56608,17900,1.9185,1.9185,0.0,9.46e-06,experiments/logs/full_sft_mini.log
sft,1,2,17950,56608,17950,1.6195,1.6195,0.0,9.45e-06,experiments/logs/full_sft_mini.log
sft,1,2,18000,56608,18000,1.7583,1.7583,0.0,9.45e-06,experiments/logs/full_sft_mini.log
sft,1,2,18050,56608,18050,1.3705,1.3705,0.0,9.45e-06,experiments/logs/full_sft_mini.log
sft,1,2,18100,56608,18100,1.7026,1.7026,0.0,9.44e-06,experiments/logs/full_sft_mini.log
sft,1,2,18150,56608,18150,1.4498,1.4498,0.0,9.44e-06,experiments/logs/full_sft_mini.log
sft,1,2,18200,56608,18200,1.7924,1.7924,0.0,9.44e-06,experiments/logs/full_sft_mini.log
sft,1,2,18250,56608,18250,1.9131,1.9131,0.0,9.44e-06,experiments/logs/full_sft_mini.log
sft,1,2,18300,56608,18300,1.8703,1.8703,0.0,9.43e-06,experiments/logs/full_sft_mini.log
sft,1,2,18350,56608,18350,1.3128,1.3128,0.0,9.43e-06,experiments/logs/full_sft_mini.log
sft,1,2,18400,56608,18400,1.7739,1.7739,0.0,9.43e-06,experiments/logs/full_sft_mini.log
sft,1,2,18450,56608,18450,1.5238,1.5238,0.0,9.42e-06,experiments/logs/full_sft_mini.log
sft,1,2,18500,56608,18500,1.5975,1.5975,0.0,9.42e-06,experiments/logs/full_sft_mini.log
sft,1,2,18550,56608,18550,1.7498,1.7498,0.0,9.42e-06,experiments/logs/full_sft_mini.log
sft,1,2,18600,56608,18600,1.5846,1.5846,0.0,9.41e-06,experiments/logs/full_sft_mini.log
sft,1,2,18650,56608,18650,1.6868,1.6868,0.0,9.41e-06,experiments/logs/full_sft_mini.log
sft,1,2,18700,56608,18700,1.2266,1.2266,0.0,9.41e-06,experiments/logs/full_sft_mini.log
sft,1,2,18750,56608,18750,1.7396,1.7396,0.0,9.4e-06,experiments/logs/full_sft_mini.log
sft,1,2,18800,56608,18800,1.6816,1.6816,0.0,9.4e-06,experiments/logs/full_sft_mini.log
sft,1,2,18850,56608,18850,1.3845,1.3845,0.0,9.4e-06,experiments/logs/full_sft_mini.log
sft,1,2,18900,56608,18900,1.38,1.38,0.0,9.4e-06,experiments/logs/full_sft_mini.log
sft,1,2,18950,56608,18950,1.5828,1.5828,0.0,9.39e-06,experiments/logs/full_sft_mini.log
sft,1,2,19000,56608,19000,1.5176,1.5176,0.0,9.39e-06,experiments/logs/full_sft_mini.log
sft,1,2,19050,56608,19050,1.9286,1.9286,0.0,9.39e-06,experiments/logs/full_sft_mini.log
sft,1,2,19100,56608,19100,1.606,1.606,0.0,9.38e-06,experiments/logs/full_sft_mini.log
sft,1,2,19150,56608,19150,1.8203,1.8203,0.0,9.38e-06,experiments/logs/full_sft_mini.log
sft,1,2,19200,56608,19200,1.5598,1.5598,0.0,9.38e-06,experiments/logs/full_sft_mini.log
sft,1,2,19250,56608,19250,1.5086,1.5086,0.0,9.37e-06,experiments/logs/full_sft_mini.log
sft,1,2,19300,56608,19300,1.6113,1.6113,0.0,9.37e-06,experiments/logs/full_sft_mini.log
sft,1,2,19350,56608,19350,2.1384,2.1384,0.0,9.37e-06,experiments/logs/full_sft_mini.log
sft,1,2,19400,56608,19400,1.6556,1.6556,0.0,9.36e-06,experiments/logs/full_sft_mini.log
sft,1,2,19450,56608,19450,1.867,1.867,0.0,9.36e-06,experiments/logs/full_sft_mini.log
sft,1,2,19500,56608,19500,1.649,1.649,0.0,9.36e-06,experiments/logs/full_sft_mini.log
sft,1,2,19550,56608,19550,1.8648,1.8648,0.0,9.35e-06,experiments/logs/full_sft_mini.log
sft,1,2,19600,56608,19600,1.6103,1.6103,0.0,9.35e-06,experiments/logs/full_sft_mini.log
sft,1,2,19650,56608,19650,1.4952,1.4952,0.0,9.35e-06,experiments/logs/full_sft_mini.log
sft,1,2,19700,56608,19700,2.4496,2.4496,0.0,9.34e-06,experiments/logs/full_sft_mini.log
sft,1,2,19750,56608,19750,1.98,1.98,0.0,9.34e-06,experiments/logs/full_sft_mini.log
sft,1,2,19800,56608,19800,1.6651,1.6651,0.0,9.34e-06,experiments/logs/full_sft_mini.log
sft,1,2,19850,56608,19850,1.4281,1.4281,0.0,9.33e-06,experiments/logs/full_sft_mini.log
sft,1,2,19900,56608,19900,1.7658,1.7658,0.0,9.33e-06,experiments/logs/full_sft_mini.log
sft,1,2,19950,56608,19950,1.6542,1.6542,0.0,9.33e-06,experiments/logs/full_sft_mini.log
sft,1,2,20000,56608,20000,1.8753,1.8753,0.0,9.32e-06,experiments/logs/full_sft_mini.log
sft,1,2,20050,56608,20050,1.9766,1.9766,0.0,9.32e-06,experiments/logs/full_sft_mini.log
sft,1,2,20100,56608,20100,0.8158,0.8158,0.0,9.32e-06,experiments/logs/full_sft_mini.log
sft,1,2,20150,56608,20150,1.9009,1.9009,0.0,9.31e-06,experiments/logs/full_sft_mini.log
sft,1,2,20200,56608,20200,1.5117,1.5117,0.0,9.31e-06,experiments/logs/full_sft_mini.log
sft,1,2,20250,56608,20250,1.5251,1.5251,0.0,9.31e-06,experiments/logs/full_sft_mini.log
sft,1,2,20300,56608,20300,1.2669,1.2669,0.0,9.3e-06,experiments/logs/full_sft_mini.log
sft,1,2,20350,56608,20350,1.6889,1.6889,0.0,9.3e-06,experiments/logs/full_sft_mini.log
sft,1,2,20400,56608,20400,1.2873,1.2873,0.0,9.3e-06,experiments/logs/full_sft_mini.log
sft,1,2,20450,56608,20450,1.4481,1.4481,0.0,9.29e-06,experiments/logs/full_sft_mini.log
sft,1,2,20500,56608,20500,1.8598,1.8598,0.0,9.29e-06,experiments/logs/full_sft_mini.log
sft,1,2,20550,56608,20550,1.9371,1.9371,0.0,9.29e-06,experiments/logs/full_sft_mini.log
sft,1,2,20600,56608,20600,1.5081,1.5081,0.0,9.28e-06,experiments/logs/full_sft_mini.log
sft,1,2,20650,56608,20650,2.1889,2.1889,0.0,9.28e-06,experiments/logs/full_sft_mini.log
sft,1,2,20700,56608,20700,1.639,1.639,0.0,9.28e-06,experiments/logs/full_sft_mini.log
sft,1,2,20750,56608,20750,1.4454,1.4454,0.0,9.27e-06,experiments/logs/full_sft_mini.log
sft,1,2,20800,56608,20800,1.6872,1.6872,0.0,9.27e-06,experiments/logs/full_sft_mini.log
sft,1,2,20850,56608,20850,1.4592,1.4592,0.0,9.27e-06,experiments/logs/full_sft_mini.log
sft,1,2,20900,56608,20900,2.027,2.027,0.0,9.26e-06,experiments/logs/full_sft_mini.log
sft,1,2,20950,56608,20950,1.5716,1.5716,0.0,9.26e-06,experiments/logs/full_sft_mini.log
sft,1,2,21000,56608,21000,1.6064,1.6064,0.0,9.26e-06,experiments/logs/full_sft_mini.log
sft,1,2,21050,56608,21050,1.6758,1.6758,0.0,9.25e-06,experiments/logs/full_sft_mini.log
sft,1,2,21100,56608,21100,1.0302,1.0302,0.0,9.25e-06,experiments/logs/full_sft_mini.log
sft,1,2,21150,56608,21150,1.8522,1.8522,0.0,9.25e-06,experiments/logs/full_sft_mini.log
sft,1,2,21200,56608,21200,1.9612,1.9612,0.0,9.24e-06,experiments/logs/full_sft_mini.log
sft,1,2,21250,56608,21250,2.0134,2.0134,0.0,9.24e-06,experiments/logs/full_sft_mini.log
sft,1,2,21300,56608,21300,1.5182,1.5182,0.0,9.24e-06,experiments/logs/full_sft_mini.log
sft,1,2,21350,56608,21350,1.68,1.68,0.0,9.23e-06,experiments/logs/full_sft_mini.log
sft,1,2,21400,56608,21400,1.3428,1.3428,0.0,9.23e-06,experiments/logs/full_sft_mini.log
sft,1,2,21450,56608,21450,1.6553,1.6553,0.0,9.23e-06,experiments/logs/full_sft_mini.log
sft,1,2,21500,56608,21500,1.1468,1.1468,0.0,9.22e-06,experiments/logs/full_sft_mini.log
sft,1,2,21550,56608,21550,1.1742,1.1742,0.0,9.22e-06,experiments/logs/full_sft_mini.log
sft,1,2,21600,56608,21600,1.8429,1.8429,0.0,9.22e-06,experiments/logs/full_sft_mini.log
sft,1,2,21650,56608,21650,1.6609,1.6609,0.0,9.21e-06,experiments/logs/full_sft_mini.log
sft,1,2,21700,56608,21700,1.5056,1.5056,0.0,9.21e-06,experiments/logs/full_sft_mini.log
sft,1,2,21750,56608,21750,1.567,1.567,0.0,9.21e-06,experiments/logs/full_sft_mini.log
sft,1,2,21800,56608,21800,1.3921,1.3921,0.0,9.2e-06,experiments/logs/full_sft_mini.log
sft,1,2,21850,56608,21850,2.0854,2.0854,0.0,9.2e-06,experiments/logs/full_sft_mini.log
sft,1,2,21900,56608,21900,1.5056,1.5056,0.0,9.19e-06,experiments/logs/full_sft_mini.log
sft,1,2,21950,56608,21950,1.2819,1.2819,0.0,9.19e-06,experiments/logs/full_sft_mini.log
sft,1,2,22000,56608,22000,1.8705,1.8705,0.0,9.19e-06,experiments/logs/full_sft_mini.log
sft,1,2,22050,56608,22050,1.7547,1.7547,0.0,9.18e-06,experiments/logs/full_sft_mini.log
sft,1,2,22100,56608,22100,1.7569,1.7569,0.0,9.18e-06,experiments/logs/full_sft_mini.log
sft,1,2,22150,56608,22150,1.3236,1.3236,0.0,9.18e-06,experiments/logs/full_sft_mini.log
sft,1,2,22200,56608,22200,1.6159,1.6159,0.0,9.17e-06,experiments/logs/full_sft_mini.log
sft,1,2,22250,56608,22250,1.3895,1.3895,0.0,9.17e-06,experiments/logs/full_sft_mini.log
sft,1,2,22300,56608,22300,1.3336,1.3336,0.0,9.17e-06,experiments/logs/full_sft_mini.log
sft,1,2,22350,56608,22350,1.5474,1.5474,0.0,9.16e-06,experiments/logs/full_sft_mini.log
sft,1,2,22400,56608,22400,1.5462,1.5462,0.0,9.16e-06,experiments/logs/full_sft_mini.log
sft,1,2,22450,56608,22450,1.5126,1.5126,0.0,9.15e-06,experiments/logs/full_sft_mini.log
sft,1,2,22500,56608,22500,1.9422,1.9422,0.0,9.15e-06,experiments/logs/full_sft_mini.log
sft,1,2,22550,56608,22550,1.7174,1.7174,0.0,9.15e-06,experiments/logs/full_sft_mini.log
sft,1,2,22600,56608,22600,1.6914,1.6914,0.0,9.14e-06,experiments/logs/full_sft_mini.log
sft,1,2,22650,56608,22650,1.3714,1.3714,0.0,9.14e-06,experiments/logs/full_sft_mini.log
sft,1,2,22700,56608,22700,1.6154,1.6154,0.0,9.14e-06,experiments/logs/full_sft_mini.log
sft,1,2,22750,56608,22750,1.0912,1.0912,0.0,9.13e-06,experiments/logs/full_sft_mini.log
sft,1,2,22800,56608,22800,1.5947,1.5947,0.0,9.13e-06,experiments/logs/full_sft_mini.log
sft,1,2,22850,56608,22850,1.3721,1.3721,0.0,9.13e-06,experiments/logs/full_sft_mini.log
sft,1,2,22900,56608,22900,1.7753,1.7753,0.0,9.12e-06,experiments/logs/full_sft_mini.log
sft,1,2,22950,56608,22950,1.7653,1.7653,0.0,9.12e-06,experiments/logs/full_sft_mini.log
sft,1,2,23000,56608,23000,1.5479,1.5479,0.0,9.11e-06,experiments/logs/full_sft_mini.log
sft,1,2,23050,56608,23050,1.7883,1.7883,0.0,9.11e-06,experiments/logs/full_sft_mini.log
sft,1,2,23100,56608,23100,1.5675,1.5675,0.0,9.11e-06,experiments/logs/full_sft_mini.log
sft,1,2,23150,56608,23150,1.2657,1.2657,0.0,9.1e-06,experiments/logs/full_sft_mini.log
sft,1,2,23200,56608,23200,1.6844,1.6844,0.0,9.1e-06,experiments/logs/full_sft_mini.log
sft,1,2,23250,56608,23250,1.8329,1.8329,0.0,9.1e-06,experiments/logs/full_sft_mini.log
sft,1,2,23300,56608,23300,1.7824,1.7824,0.0,9.09e-06,experiments/logs/full_sft_mini.log
sft,1,2,23350,56608,23350,2.0204,2.0204,0.0,9.09e-06,experiments/logs/full_sft_mini.log
sft,1,2,23400,56608,23400,1.1586,1.1586,0.0,9.08e-06,experiments/logs/full_sft_mini.log
sft,1,2,23450,56608,23450,1.606,1.606,0.0,9.08e-06,experiments/logs/full_sft_mini.log
sft,1,2,23500,56608,23500,1.7847,1.7847,0.0,9.08e-06,experiments/logs/full_sft_mini.log
sft,1,2,23550,56608,23550,1.3835,1.3835,0.0,9.07e-06,experiments/logs/full_sft_mini.log
sft,1,2,23600,56608,23600,1.4729,1.4729,0.0,9.07e-06,experiments/logs/full_sft_mini.log
sft,1,2,23650,56608,23650,1.8043,1.8043,0.0,9.07e-06,experiments/logs/full_sft_mini.log
sft,1,2,23700,56608,23700,2.0015,2.0015,0.0,9.06e-06,experiments/logs/full_sft_mini.log
sft,1,2,23750,56608,23750,1.584,1.584,0.0,9.06e-06,experiments/logs/full_sft_mini.log
sft,1,2,23800,56608,23800,1.0689,1.0689,0.0,9.05e-06,experiments/logs/full_sft_mini.log
sft,1,2,23850,56608,23850,1.4103,1.4103,0.0,9.05e-06,experiments/logs/full_sft_mini.log
sft,1,2,23900,56608,23900,1.7055,1.7055,0.0,9.05e-06,experiments/logs/full_sft_mini.log
sft,1,2,23950,56608,23950,1.4638,1.4638,0.0,9.04e-06,experiments/logs/full_sft_mini.log
sft,1,2,24000,56608,24000,1.6245,1.6245,0.0,9.04e-06,experiments/logs/full_sft_mini.log
sft,1,2,24050,56608,24050,1.5217,1.5217,0.0,9.03e-06,experiments/logs/full_sft_mini.log
sft,1,2,24100,56608,24100,1.4618,1.4618,0.0,9.03e-06,experiments/logs/full_sft_mini.log
sft,1,2,24150,56608,24150,1.6115,1.6115,0.0,9.03e-06,experiments/logs/full_sft_mini.log
sft,1,2,24200,56608,24200,1.4945,1.4945,0.0,9.02e-06,experiments/logs/full_sft_mini.log
sft,1,2,24250,56608,24250,1.5202,1.5202,0.0,9.02e-06,experiments/logs/full_sft_mini.log
sft,1,2,24300,56608,24300,1.5907,1.5907,0.0,9.02e-06,experiments/logs/full_sft_mini.log
sft,1,2,24350,56608,24350,1.9332,1.9332,0.0,9.01e-06,experiments/logs/full_sft_mini.log
sft,1,2,24400,56608,24400,1.7949,1.7949,0.0,9.01e-06,experiments/logs/full_sft_mini.log
sft,1,2,24450,56608,24450,1.7495,1.7495,0.0,9e-06,experiments/logs/full_sft_mini.log
sft,1,2,24500,56608,24500,1.704,1.704,0.0,9e-06,experiments/logs/full_sft_mini.log
sft,1,2,24550,56608,24550,0.3544,0.3544,0.0,9e-06,experiments/logs/full_sft_mini.log
sft,1,2,24600,56608,24600,1.8408,1.8408,0.0,8.99e-06,experiments/logs/full_sft_mini.log
sft,1,2,24650,56608,24650,1.6536,1.6536,0.0,8.99e-06,experiments/logs/full_sft_mini.log
sft,1,2,24700,56608,24700,1.7981,1.7981,0.0,8.98e-06,experiments/logs/full_sft_mini.log
sft,1,2,24750,56608,24750,1.4525,1.4525,0.0,8.98e-06,experiments/logs/full_sft_mini.log
sft,1,2,24800,56608,24800,1.2828,1.2828,0.0,8.98e-06,experiments/logs/full_sft_mini.log
sft,1,2,24850,56608,24850,1.2958,1.2958,0.0,8.97e-06,experiments/logs/full_sft_mini.log
sft,1,2,24900,56608,24900,1.5045,1.5045,0.0,8.97e-06,experiments/logs/full_sft_mini.log
sft,1,2,24950,56608,24950,1.7235,1.7235,0.0,8.96e-06,experiments/logs/full_sft_mini.log
sft,1,2,25000,56608,25000,1.488,1.488,0.0,8.96e-06,experiments/logs/full_sft_mini.log
sft,1,2,25050,56608,25050,1.6347,1.6347,0.0,8.96e-06,experiments/logs/full_sft_mini.log
sft,1,2,25100,56608,25100,1.7385,1.7385,0.0,8.95e-06,experiments/logs/full_sft_mini.log
sft,1,2,25150,56608,25150,1.714,1.714,0.0,8.95e-06,experiments/logs/full_sft_mini.log
sft,1,2,25200,56608,25200,1.7711,1.7711,0.0,8.94e-06,experiments/logs/full_sft_mini.log
sft,1,2,25250,56608,25250,1.1999,1.1999,0.0,8.94e-06,experiments/logs/full_sft_mini.log
sft,1,2,25300,56608,25300,1.541,1.541,0.0,8.94e-06,experiments/logs/full_sft_mini.log
sft,1,2,25350,56608,25350,2.601,2.601,0.0,8.93e-06,experiments/logs/full_sft_mini.log
sft,1,2,25400,56608,25400,1.3396,1.3396,0.0,8.93e-06,experiments/logs/full_sft_mini.log
sft,1,2,25450,56608,25450,1.2932,1.2932,0.0,8.92e-06,experiments/logs/full_sft_mini.log
sft,1,2,25500,56608,25500,1.2899,1.2899,0.0,8.92e-06,experiments/logs/full_sft_mini.log
sft,1,2,25550,56608,25550,1.4448,1.4448,0.0,8.92e-06,experiments/logs/full_sft_mini.log
sft,1,2,25600,56608,25600,1.596,1.596,0.0,8.91e-06,experiments/logs/full_sft_mini.log
sft,1,2,25650,56608,25650,1.9421,1.9421,0.0,8.91e-06,experiments/logs/full_sft_mini.log
sft,1,2,25700,56608,25700,1.3942,1.3942,0.0,8.9e-06,experiments/logs/full_sft_mini.log
sft,1,2,25750,56608,25750,2.0173,2.0173,0.0,8.9e-06,experiments/logs/full_sft_mini.log
sft,1,2,25800,56608,25800,1.7703,1.7703,0.0,8.9e-06,experiments/logs/full_sft_mini.log
sft,1,2,25850,56608,25850,1.5562,1.5562,0.0,8.89e-06,experiments/logs/full_sft_mini.log
sft,1,2,25900,56608,25900,2.0238,2.0238,0.0,8.89e-06,experiments/logs/full_sft_mini.log
sft,1,2,25950,56608,25950,1.4209,1.4209,0.0,8.88e-06,experiments/logs/full_sft_mini.log
sft,1,2,26000,56608,26000,1.7362,1.7362,0.0,8.88e-06,experiments/logs/full_sft_mini.log
sft,1,2,26050,56608,26050,1.3063,1.3063,0.0,8.87e-06,experiments/logs/full_sft_mini.log
sft,1,2,26100,56608,26100,1.7442,1.7442,0.0,8.87e-06,experiments/logs/full_sft_mini.log
sft,1,2,26150,56608,26150,1.6327,1.6327,0.0,8.87e-06,experiments/logs/full_sft_mini.log
sft,1,2,26200,56608,26200,1.7634,1.7634,0.0,8.86e-06,experiments/logs/full_sft_mini.log
sft,1,2,26250,56608,26250,1.2618,1.2618,0.0,8.86e-06,experiments/logs/full_sft_mini.log
sft,1,2,26300,56608,26300,1.649,1.649,0.0,8.85e-06,experiments/logs/full_sft_mini.log
sft,1,2,26350,56608,26350,1.6319,1.6319,0.0,8.85e-06,experiments/logs/full_sft_mini.log
sft,1,2,26400,56608,26400,1.5384,1.5384,0.0,8.85e-06,experiments/logs/full_sft_mini.log
sft,1,2,26450,56608,26450,1.9782,1.9782,0.0,8.84e-06,experiments/logs/full_sft_mini.log
sft,1,2,26500,56608,26500,1.8259,1.8259,0.0,8.84e-06,experiments/logs/full_sft_mini.log
sft,1,2,26550,56608,26550,1.6312,1.6312,0.0,8.83e-06,experiments/logs/full_sft_mini.log
sft,1,2,26600,56608,26600,1.3293,1.3293,0.0,8.83e-06,experiments/logs/full_sft_mini.log
sft,1,2,26650,56608,26650,1.5409,1.5409,0.0,8.82e-06,experiments/logs/full_sft_mini.log
sft,1,2,26700,56608,26700,1.4885,1.4885,0.0,8.82e-06,experiments/logs/full_sft_mini.log
sft,1,2,26750,56608,26750,2.0425,2.0425,0.0,8.82e-06,experiments/logs/full_sft_mini.log
sft,1,2,26800,56608,26800,2.169,2.169,0.0,8.81e-06,experiments/logs/full_sft_mini.log
sft,1,2,26850,56608,26850,1.5495,1.5495,0.0,8.81e-06,experiments/logs/full_sft_mini.log
sft,1,2,26900,56608,26900,1.4361,1.4361,0.0,8.8e-06,experiments/logs/full_sft_mini.log
sft,1,2,26950,56608,26950,1.7447,1.7447,0.0,8.8e-06,experiments/logs/full_sft_mini.log
sft,1,2,27000,56608,27000,1.5841,1.5841,0.0,8.8e-06,experiments/logs/full_sft_mini.log
sft,1,2,27050,56608,27050,1.8458,1.8458,0.0,8.79e-06,experiments/logs/full_sft_mini.log
sft,1,2,27100,56608,27100,1.8892,1.8892,0.0,8.79e-06,experiments/logs/full_sft_mini.log
sft,1,2,27150,56608,27150,1.4667,1.4667,0.0,8.78e-06,experiments/logs/full_sft_mini.log
sft,1,2,27200,56608,27200,1.8066,1.8066,0.0,8.78e-06,experiments/logs/full_sft_mini.log
sft,1,2,27250,56608,27250,1.4278,1.4278,0.0,8.77e-06,experiments/logs/full_sft_mini.log
sft,1,2,27300,56608,27300,1.3951,1.3951,0.0,8.77e-06,experiments/logs/full_sft_mini.log
sft,1,2,27350,56608,27350,1.4273,1.4273,0.0,8.77e-06,experiments/logs/full_sft_mini.log
sft,1,2,27400,56608,27400,1.6529,1.6529,0.0,8.76e-06,experiments/logs/full_sft_mini.log
sft,1,2,27450,56608,27450,1.5201,1.5201,0.0,8.76e-06,experiments/logs/full_sft_mini.log
sft,1,2,27500,56608,27500,1.8014,1.8014,0.0,8.75e-06,experiments/logs/full_sft_mini.log
sft,1,2,27550,56608,27550,1.5306,1.5306,0.0,8.75e-06,experiments/logs/full_sft_mini.log
sft,1,2,27600,56608,27600,1.6366,1.6366,0.0,8.74e-06,experiments/logs/full_sft_mini.log
sft,1,2,27650,56608,27650,1.4337,1.4337,0.0,8.74e-06,experiments/logs/full_sft_mini.log
sft,1,2,27700,56608,27700,1.3986,1.3986,0.0,8.73e-06,experiments/logs/full_sft_mini.log
sft,1,2,27750,56608,27750,1.7732,1.7732,0.0,8.73e-06,experiments/logs/full_sft_mini.log
sft,1,2,27800,56608,27800,1.5193,1.5193,0.0,8.73e-06,experiments/logs/full_sft_mini.log
sft,1,2,27850,56608,27850,1.242,1.242,0.0,8.72e-06,experiments/logs/full_sft_mini.log
sft,1,2,27900,56608,27900,2.0026,2.0026,0.0,8.72e-06,experiments/logs/full_sft_mini.log
sft,1,2,27950,56608,27950,1.6814,1.6814,0.0,8.71e-06,experiments/logs/full_sft_mini.log
sft,1,2,28000,56608,28000,1.6767,1.6767,0.0,8.71e-06,experiments/logs/full_sft_mini.log
sft,1,2,28050,56608,28050,1.7543,1.7543,0.0,8.7e-06,experiments/logs/full_sft_mini.log
sft,1,2,28100,56608,28100,1.1779,1.1779,0.0,8.7e-06,experiments/logs/full_sft_mini.log
sft,1,2,28150,56608,28150,1.5226,1.5226,0.0,8.7e-06,experiments/logs/full_sft_mini.log
sft,1,2,28200,56608,28200,1.5978,1.5978,0.0,8.69e-06,experiments/logs/full_sft_mini.log
sft,1,2,28250,56608,28250,1.5985,1.5985,0.0,8.69e-06,experiments/logs/full_sft_mini.log
sft,1,2,28300,56608,28300,1.9839,1.9839,0.0,8.68e-06,experiments/logs/full_sft_mini.log
sft,1,2,28350,56608,28350,1.2389,1.2389,0.0,8.68e-06,experiments/logs/full_sft_mini.log
sft,1,2,28400,56608,28400,1.4094,1.4094,0.0,8.67e-06,experiments/logs/full_sft_mini.log
sft,1,2,28450,56608,28450,1.4126,1.4126,0.0,8.67e-06,experiments/logs/full_sft_mini.log
sft,1,2,28500,56608,28500,1.5178,1.5178,0.0,8.66e-06,experiments/logs/full_sft_mini.log
sft,1,2,28550,56608,28550,1.8584,1.8584,0.0,8.66e-06,experiments/logs/full_sft_mini.log
sft,1,2,28600,56608,28600,1.2835,1.2835,0.0,8.66e-06,experiments/logs/full_sft_mini.log
sft,1,2,28650,56608,28650,2.052,2.052,0.0,8.65e-06,experiments/logs/full_sft_mini.log
sft,1,2,28700,56608,28700,1.5276,1.5276,0.0,8.65e-06,experiments/logs/full_sft_mini.log
sft,1,2,28750,56608,28750,1.414,1.414,0.0,8.64e-06,experiments/logs/full_sft_mini.log
sft,1,2,28800,56608,28800,1.55,1.55,0.0,8.64e-06,experiments/logs/full_sft_mini.log
sft,1,2,28850,56608,28850,1.7391,1.7391,0.0,8.63e-06,experiments/logs/full_sft_mini.log
sft,1,2,28900,56608,28900,1.5865,1.5865,0.0,8.63e-06,experiments/logs/full_sft_mini.log
sft,1,2,28950,56608,28950,1.7878,1.7878,0.0,8.62e-06,experiments/logs/full_sft_mini.log
sft,1,2,29000,56608,29000,1.7101,1.7101,0.0,8.62e-06,experiments/logs/full_sft_mini.log
sft,1,2,29050,56608,29050,1.4015,1.4015,0.0,8.62e-06,experiments/logs/full_sft_mini.log
sft,1,2,29100,56608,29100,1.2453,1.2453,0.0,8.61e-06,experiments/logs/full_sft_mini.log
sft,1,2,29150,56608,29150,1.5962,1.5962,0.0,8.61e-06,experiments/logs/full_sft_mini.log
sft,1,2,29200,56608,29200,1.8831,1.8831,0.0,8.6e-06,experiments/logs/full_sft_mini.log
sft,1,2,29250,56608,29250,1.5082,1.5082,0.0,8.6e-06,experiments/logs/full_sft_mini.log
sft,1,2,29300,56608,29300,1.3328,1.3328,0.0,8.59e-06,experiments/logs/full_sft_mini.log
sft,1,2,29350,56608,29350,1.3858,1.3858,0.0,8.59e-06,experiments/logs/full_sft_mini.log
sft,1,2,29400,56608,29400,1.9805,1.9805,0.0,8.58e-06,experiments/logs/full_sft_mini.log
sft,1,2,29450,56608,29450,1.5122,1.5122,0.0,8.58e-06,experiments/logs/full_sft_mini.log
sft,1,2,29500,56608,29500,1.538,1.538,0.0,8.57e-06,experiments/logs/full_sft_mini.log
sft,1,2,29550,56608,29550,1.4672,1.4672,0.0,8.57e-06,experiments/logs/full_sft_mini.log
sft,1,2,29600,56608,29600,1.5283,1.5283,0.0,8.57e-06,experiments/logs/full_sft_mini.log
sft,1,2,29650,56608,29650,1.325,1.325,0.0,8.56e-06,experiments/logs/full_sft_mini.log
sft,1,2,29700,56608,29700,1.819,1.819,0.0,8.56e-06,experiments/logs/full_sft_mini.log
sft,1,2,29750,56608,29750,1.344,1.344,0.0,8.55e-06,experiments/logs/full_sft_mini.log
sft,1,2,29800,56608,29800,1.9382,1.9382,0.0,8.55e-06,experiments/logs/full_sft_mini.log
sft,1,2,29850,56608,29850,1.6398,1.6398,0.0,8.54e-06,experiments/logs/full_sft_mini.log
sft,1,2,29900,56608,29900,1.7184,1.7184,0.0,8.54e-06,experiments/logs/full_sft_mini.log
sft,1,2,29950,56608,29950,1.6836,1.6836,0.0,8.53e-06,experiments/logs/full_sft_mini.log
sft,1,2,30000,56608,30000,1.4252,1.4252,0.0,8.53e-06,experiments/logs/full_sft_mini.log
sft,1,2,30050,56608,30050,1.4983,1.4983,0.0,8.52e-06,experiments/logs/full_sft_mini.log
sft,1,2,30100,56608,30100,1.7631,1.7631,0.0,8.52e-06,experiments/logs/full_sft_mini.log
sft,1,2,30150,56608,30150,1.8226,1.8226,0.0,8.51e-06,experiments/logs/full_sft_mini.log
sft,1,2,30200,56608,30200,1.8599,1.8599,0.0,8.51e-06,experiments/logs/full_sft_mini.log
sft,1,2,30250,56608,30250,1.4796,1.4796,0.0,8.51e-06,experiments/logs/full_sft_mini.log
sft,1,2,30300,56608,30300,1.4932,1.4932,0.0,8.5e-06,experiments/logs/full_sft_mini.log
sft,1,2,30350,56608,30350,1.2513,1.2513,0.0,8.5e-06,experiments/logs/full_sft_mini.log
sft,1,2,30400,56608,30400,1.5884,1.5884,0.0,8.49e-06,experiments/logs/full_sft_mini.log
sft,1,2,30450,56608,30450,1.5939,1.5939,0.0,8.49e-06,experiments/logs/full_sft_mini.log
sft,1,2,30500,56608,30500,1.4483,1.4483,0.0,8.48e-06,experiments/logs/full_sft_mini.log
sft,1,2,30550,56608,30550,1.5125,1.5125,0.0,8.48e-06,experiments/logs/full_sft_mini.log
sft,1,2,30600,56608,30600,1.399,1.399,0.0,8.47e-06,experiments/logs/full_sft_mini.log
sft,1,2,30650,56608,30650,1.4974,1.4974,0.0,8.47e-06,experiments/logs/full_sft_mini.log
sft,1,2,30700,56608,30700,1.7209,1.7209,0.0,8.46e-06,experiments/logs/full_sft_mini.log
sft,1,2,30750,56608,30750,1.0518,1.0518,0.0,8.46e-06,experiments/logs/full_sft_mini.log
sft,1,2,30800,56608,30800,1.8226,1.8226,0.0,8.45e-06,experiments/logs/full_sft_mini.log
sft,1,2,30850,56608,30850,1.9027,1.9027,0.0,8.45e-06,experiments/logs/full_sft_mini.log
sft,1,2,30900,56608,30900,1.3709,1.3709,0.0,8.44e-06,experiments/logs/full_sft_mini.log
sft,1,2,30950,56608,30950,2.1558,2.1558,0.0,8.44e-06,experiments/logs/full_sft_mini.log
sft,1,2,31000,56608,31000,1.8147,1.8147,0.0,8.44e-06,experiments/logs/full_sft_mini.log
sft,1,2,31050,56608,31050,1.5438,1.5438,0.0,8.43e-06,experiments/logs/full_sft_mini.log
sft,1,2,31100,56608,31100,1.6756,1.6756,0.0,8.43e-06,experiments/logs/full_sft_mini.log
sft,1,2,31150,56608,31150,1.852,1.852,0.0,8.42e-06,experiments/logs/full_sft_mini.log
sft,1,2,31200,56608,31200,1.1496,1.1496,0.0,8.42e-06,experiments/logs/full_sft_mini.log
sft,1,2,31250,56608,31250,1.5891,1.5891,0.0,8.41e-06,experiments/logs/full_sft_mini.log
sft,1,2,31300,56608,31300,1.7299,1.7299,0.0,8.41e-06,experiments/logs/full_sft_mini.log
sft,1,2,31350,56608,31350,1.8927,1.8927,0.0,8.4e-06,experiments/logs/full_sft_mini.log
sft,1,2,31400,56608,31400,1.8087,1.8087,0.0,8.4e-06,experiments/logs/full_sft_mini.log
sft,1,2,31450,56608,31450,1.6847,1.6847,0.0,8.39e-06,experiments/logs/full_sft_mini.log
sft,1,2,31500,56608,31500,1.5636,1.5636,0.0,8.39e-06,experiments/logs/full_sft_mini.log
sft,1,2,31550,56608,31550,1.5691,1.5691,0.0,8.38e-06,experiments/logs/full_sft_mini.log
sft,1,2,31600,56608,31600,1.6734,1.6734,0.0,8.38e-06,experiments/logs/full_sft_mini.log
sft,1,2,31650,56608,31650,1.7632,1.7632,0.0,8.37e-06,experiments/logs/full_sft_mini.log
sft,1,2,31700,56608,31700,1.8265,1.8265,0.0,8.37e-06,experiments/logs/full_sft_mini.log
sft,1,2,31750,56608,31750,1.399,1.399,0.0,8.36e-06,experiments/logs/full_sft_mini.log
sft,1,2,31800,56608,31800,1.7318,1.7318,0.0,8.36e-06,experiments/logs/full_sft_mini.log
sft,1,2,31850,56608,31850,1.4768,1.4768,0.0,8.35e-06,experiments/logs/full_sft_mini.log
sft,1,2,31900,56608,31900,1.888,1.888,0.0,8.35e-06,experiments/logs/full_sft_mini.log
sft,1,2,31950,56608,31950,1.5185,1.5185,0.0,8.34e-06,experiments/logs/full_sft_mini.log
sft,1,2,32000,56608,32000,1.3587,1.3587,0.0,8.34e-06,experiments/logs/full_sft_mini.log
sft,1,2,32050,56608,32050,1.7208,1.7208,0.0,8.33e-06,experiments/logs/full_sft_mini.log
sft,1,2,32100,56608,32100,1.4824,1.4824,0.0,8.33e-06,experiments/logs/full_sft_mini.log
sft,1,2,32150,56608,32150,1.5889,1.5889,0.0,8.32e-06,experiments/logs/full_sft_mini.log
sft,1,2,32200,56608,32200,0.9549,0.9549,0.0,8.32e-06,experiments/logs/full_sft_mini.log
sft,1,2,32250,56608,32250,1.5614,1.5614,0.0,8.32e-06,experiments/logs/full_sft_mini.log
sft,1,2,32300,56608,32300,2.0411,2.0411,0.0,8.31e-06,experiments/logs/full_sft_mini.log
sft,1,2,32350,56608,32350,1.3288,1.3288,0.0,8.31e-06,experiments/logs/full_sft_mini.log
sft,1,2,32400,56608,32400,1.4022,1.4022,0.0,8.3e-06,experiments/logs/full_sft_mini.log
sft,1,2,32450,56608,32450,1.4753,1.4753,0.0,8.3e-06,experiments/logs/full_sft_mini.log
sft,1,2,32500,56608,32500,1.7157,1.7157,0.0,8.29e-06,experiments/logs/full_sft_mini.log
sft,1,2,32550,56608,32550,1.9266,1.9266,0.0,8.29e-06,experiments/logs/full_sft_mini.log
sft,1,2,32600,56608,32600,1.8261,1.8261,0.0,8.28e-06,experiments/logs/full_sft_mini.log
sft,1,2,32650,56608,32650,1.8359,1.8359,0.0,8.28e-06,experiments/logs/full_sft_mini.log
sft,1,2,32700,56608,32700,1.5678,1.5678,0.0,8.27e-06,experiments/logs/full_sft_mini.log
sft,1,2,32750,56608,32750,1.5805,1.5805,0.0,8.27e-06,experiments/logs/full_sft_mini.log
sft,1,2,32800,56608,32800,2.3175,2.3175,0.0,8.26e-06,experiments/logs/full_sft_mini.log
sft,1,2,32850,56608,32850,1.4124,1.4124,0.0,8.26e-06,experiments/logs/full_sft_mini.log
sft,1,2,32900,56608,32900,1.9971,1.9971,0.0,8.25e-06,experiments/logs/full_sft_mini.log
sft,1,2,32950,56608,32950,1.8095,1.8095,0.0,8.25e-06,experiments/logs/full_sft_mini.log
sft,1,2,33000,56608,33000,1.9206,1.9206,0.0,8.24e-06,experiments/logs/full_sft_mini.log
sft,1,2,33050,56608,33050,1.9804,1.9804,0.0,8.24e-06,experiments/logs/full_sft_mini.log
sft,1,2,33100,56608,33100,1.2418,1.2418,0.0,8.23e-06,experiments/logs/full_sft_mini.log
sft,1,2,33150,56608,33150,1.6633,1.6633,0.0,8.23e-06,experiments/logs/full_sft_mini.log
sft,1,2,33200,56608,33200,1.6046,1.6046,0.0,8.22e-06,experiments/logs/full_sft_mini.log
sft,1,2,33250,56608,33250,1.7643,1.7643,0.0,8.22e-06,experiments/logs/full_sft_mini.log
sft,1,2,33300,56608,33300,1.8925,1.8925,0.0,8.21e-06,experiments/logs/full_sft_mini.log
sft,1,2,33350,56608,33350,1.8401,1.8401,0.0,8.21e-06,experiments/logs/full_sft_mini.log
sft,1,2,33400,56608,33400,1.7151,1.7151,0.0,8.2e-06,experiments/logs/full_sft_mini.log
sft,1,2,33450,56608,33450,1.4119,1.4119,0.0,8.2e-06,experiments/logs/full_sft_mini.log
sft,1,2,33500,56608,33500,1.4508,1.4508,0.0,8.19e-06,experiments/logs/full_sft_mini.log
sft,1,2,33550,56608,33550,1.6755,1.6755,0.0,8.19e-06,experiments/logs/full_sft_mini.log
sft,1,2,33600,56608,33600,1.5281,1.5281,0.0,8.18e-06,experiments/logs/full_sft_mini.log
sft,1,2,33650,56608,33650,1.7636,1.7636,0.0,8.18e-06,experiments/logs/full_sft_mini.log
sft,1,2,33700,56608,33700,1.2467,1.2467,0.0,8.17e-06,experiments/logs/full_sft_mini.log
sft,1,2,33750,56608,33750,1.5517,1.5517,0.0,8.17e-06,experiments/logs/full_sft_mini.log
sft,1,2,33800,56608,33800,2.0215,2.0215,0.0,8.16e-06,experiments/logs/full_sft_mini.log
sft,1,2,33850,56608,33850,1.5789,1.5789,0.0,8.16e-06,experiments/logs/full_sft_mini.log
sft,1,2,33900,56608,33900,1.2677,1.2677,0.0,8.15e-06,experiments/logs/full_sft_mini.log
sft,1,2,33950,56608,33950,1.2428,1.2428,0.0,8.15e-06,experiments/logs/full_sft_mini.log
sft,1,2,34000,56608,34000,1.8129,1.8129,0.0,8.14e-06,experiments/logs/full_sft_mini.log
sft,1,2,34050,56608,34050,1.6707,1.6707,0.0,8.14e-06,experiments/logs/full_sft_mini.log
sft,1,2,34100,56608,34100,1.9009,1.9009,0.0,8.13e-06,experiments/logs/full_sft_mini.log
sft,1,2,34150,56608,34150,1.2431,1.2431,0.0,8.13e-06,experiments/logs/full_sft_mini.log
sft,1,2,34200,56608,34200,1.6381,1.6381,0.0,8.12e-06,experiments/logs/full_sft_mini.log
sft,1,2,34250,56608,34250,1.7048,1.7048,0.0,8.12e-06,experiments/logs/full_sft_mini.log
sft,1,2,34300,56608,34300,1.031,1.031,0.0,8.11e-06,experiments/logs/full_sft_mini.log
sft,1,2,34350,56608,34350,1.2411,1.2411,0.0,8.11e-06,experiments/logs/full_sft_mini.log
sft,1,2,34400,56608,34400,1.5184,1.5184,0.0,8.1e-06,experiments/logs/full_sft_mini.log
sft,1,2,34450,56608,34450,1.4281,1.4281,0.0,8.1e-06,experiments/logs/full_sft_mini.log
sft,1,2,34500,56608,34500,2.0164,2.0164,0.0,8.09e-06,experiments/logs/full_sft_mini.log
sft,1,2,34550,56608,34550,1.792,1.792,0.0,8.09e-06,experiments/logs/full_sft_mini.log
sft,1,2,34600,56608,34600,1.6398,1.6398,0.0,8.08e-06,experiments/logs/full_sft_mini.log
sft,1,2,34650,56608,34650,1.4637,1.4637,0.0,8.08e-06,experiments/logs/full_sft_mini.log
sft,1,2,34700,56608,34700,1.6664,1.6664,0.0,8.07e-06,experiments/logs/full_sft_mini.log
sft,1,2,34750,56608,34750,1.4921,1.4921,0.0,8.07e-06,experiments/logs/full_sft_mini.log
sft,1,2,34800,56608,34800,1.7763,1.7763,0.0,8.06e-06,experiments/logs/full_sft_mini.log
sft,1,2,34850,56608,34850,1.8213,1.8213,0.0,8.05e-06,experiments/logs/full_sft_mini.log
sft,1,2,34900,56608,34900,1.5529,1.5529,0.0,8.05e-06,experiments/logs/full_sft_mini.log
sft,1,2,34950,56608,34950,1.3944,1.3944,0.0,8.04e-06,experiments/logs/full_sft_mini.log
sft,1,2,35000,56608,35000,1.9045,1.9045,0.0,8.04e-06,experiments/logs/full_sft_mini.log
sft,1,2,35050,56608,35050,2.0578,2.0578,0.0,8.03e-06,experiments/logs/full_sft_mini.log
sft,1,2,35100,56608,35100,1.6148,1.6148,0.0,8.03e-06,experiments/logs/full_sft_mini.log
sft,1,2,35150,56608,35150,1.6977,1.6977,0.0,8.02e-06,experiments/logs/full_sft_mini.log
sft,1,2,35200,56608,35200,1.531,1.531,0.0,8.02e-06,experiments/logs/full_sft_mini.log
sft,1,2,35250,56608,35250,1.6494,1.6494,0.0,8.01e-06,experiments/logs/full_sft_mini.log
sft,1,2,35300,56608,35300,1.5337,1.5337,0.0,8.01e-06,experiments/logs/full_sft_mini.log
sft,1,2,35350,56608,35350,1.6908,1.6908,0.0,8e-06,experiments/logs/full_sft_mini.log
sft,1,2,35400,56608,35400,1.1712,1.1712,0.0,8e-06,experiments/logs/full_sft_mini.log
sft,1,2,35450,56608,35450,1.3389,1.3389,0.0,7.99e-06,experiments/logs/full_sft_mini.log
sft,1,2,35500,56608,35500,1.5283,1.5283,0.0,7.99e-06,experiments/logs/full_sft_mini.log
sft,1,2,35550,56608,35550,1.3255,1.3255,0.0,7.98e-06,experiments/logs/full_sft_mini.log
sft,1,2,35600,56608,35600,1.6212,1.6212,0.0,7.98e-06,experiments/logs/full_sft_mini.log
sft,1,2,35650,56608,35650,1.693,1.693,0.0,7.97e-06,experiments/logs/full_sft_mini.log
sft,1,2,35700,56608,35700,1.8144,1.8144,0.0,7.97e-06,experiments/logs/full_sft_mini.log
sft,1,2,35750,56608,35750,1.1265,1.1265,0.0,7.96e-06,experiments/logs/full_sft_mini.log
sft,1,2,35800,56608,35800,1.776,1.776,0.0,7.96e-06,experiments/logs/full_sft_mini.log
sft,1,2,35850,56608,35850,1.8519,1.8519,0.0,7.95e-06,experiments/logs/full_sft_mini.log
sft,1,2,35900,56608,35900,1.6912,1.6912,0.0,7.95e-06,experiments/logs/full_sft_mini.log
sft,1,2,35950,56608,35950,1.7035,1.7035,0.0,7.94e-06,experiments/logs/full_sft_mini.log
sft,1,2,36000,56608,36000,1.7573,1.7573,0.0,7.94e-06,experiments/logs/full_sft_mini.log
sft,1,2,36050,56608,36050,1.4053,1.4053,0.0,7.93e-06,experiments/logs/full_sft_mini.log
sft,1,2,36100,56608,36100,1.8067,1.8067,0.0,7.92e-06,experiments/logs/full_sft_mini.log
sft,1,2,36150,56608,36150,1.4317,1.4317,0.0,7.92e-06,experiments/logs/full_sft_mini.log
sft,1,2,36200,56608,36200,1.9297,1.9297,0.0,7.91e-06,experiments/logs/full_sft_mini.log
sft,1,2,36250,56608,36250,1.8381,1.8381,0.0,7.91e-06,experiments/logs/full_sft_mini.log
sft,1,2,36300,56608,36300,1.7407,1.7407,0.0,7.9e-06,experiments/logs/full_sft_mini.log
sft,1,2,36350,56608,36350,1.4856,1.4856,0.0,7.9e-06,experiments/logs/full_sft_mini.log
sft,1,2,36400,56608,36400,1.3133,1.3133,0.0,7.89e-06,experiments/logs/full_sft_mini.log
sft,1,2,36450,56608,36450,1.2494,1.2494,0.0,7.89e-06,experiments/logs/full_sft_mini.log
sft,1,2,36500,56608,36500,1.5725,1.5725,0.0,7.88e-06,experiments/logs/full_sft_mini.log
sft,1,2,36550,56608,36550,1.8343,1.8343,0.0,7.88e-06,experiments/logs/full_sft_mini.log
sft,1,2,36600,56608,36600,1.4783,1.4783,0.0,7.87e-06,experiments/logs/full_sft_mini.log
sft,1,2,36650,56608,36650,1.7641,1.7641,0.0,7.87e-06,experiments/logs/full_sft_mini.log
sft,1,2,36700,56608,36700,1.8948,1.8948,0.0,7.86e-06,experiments/logs/full_sft_mini.log
sft,1,2,36750,56608,36750,1.3576,1.3576,0.0,7.86e-06,experiments/logs/full_sft_mini.log
sft,1,2,36800,56608,36800,1.169,1.169,0.0,7.85e-06,experiments/logs/full_sft_mini.log
sft,1,2,36850,56608,36850,1.762,1.762,0.0,7.85e-06,experiments/logs/full_sft_mini.log
sft,1,2,36900,56608,36900,1.614,1.614,0.0,7.84e-06,experiments/logs/full_sft_mini.log
sft,1,2,36950,56608,36950,1.5835,1.5835,0.0,7.83e-06,experiments/logs/full_sft_mini.log
sft,1,2,37000,56608,37000,1.8105,1.8105,0.0,7.83e-06,experiments/logs/full_sft_mini.log
sft,1,2,37050,56608,37050,1.323,1.323,0.0,7.82e-06,experiments/logs/full_sft_mini.log
sft,1,2,37100,56608,37100,1.4948,1.4948,0.0,7.82e-06,experiments/logs/full_sft_mini.log
sft,1,2,37150,56608,37150,1.6056,1.6056,0.0,7.81e-06,experiments/logs/full_sft_mini.log
sft,1,2,37200,56608,37200,1.8944,1.8944,0.0,7.81e-06,experiments/logs/full_sft_mini.log
sft,1,2,37250,56608,37250,1.9071,1.9071,0.0,7.8e-06,experiments/logs/full_sft_mini.log
sft,1,2,37300,56608,37300,1.2403,1.2403,0.0,7.8e-06,experiments/logs/full_sft_mini.log
sft,1,2,37350,56608,37350,1.3794,1.3794,0.0,7.79e-06,experiments/logs/full_sft_mini.log
sft,1,2,37400,56608,37400,1.5905,1.5905,0.0,7.79e-06,experiments/logs/full_sft_mini.log
sft,1,2,37450,56608,37450,1.5864,1.5864,0.0,7.78e-06,experiments/logs/full_sft_mini.log
sft,1,2,37500,56608,37500,1.5846,1.5846,0.0,7.78e-06,experiments/logs/full_sft_mini.log
sft,1,2,37550,56608,37550,1.7219,1.7219,0.0,7.77e-06,experiments/logs/full_sft_mini.log
sft,1,2,37600,56608,37600,1.5351,1.5351,0.0,7.76e-06,experiments/logs/full_sft_mini.log
sft,1,2,37650,56608,37650,1.3067,1.3067,0.0,7.76e-06,experiments/logs/full_sft_mini.log
sft,1,2,37700,56608,37700,1.7633,1.7633,0.0,7.75e-06,experiments/logs/full_sft_mini.log
sft,1,2,37750,56608,37750,1.4048,1.4048,0.0,7.75e-06,experiments/logs/full_sft_mini.log
sft,1,2,37800,56608,37800,2.0293,2.0293,0.0,7.74e-06,experiments/logs/full_sft_mini.log
sft,1,2,37850,56608,37850,1.6634,1.6634,0.0,7.74e-06,experiments/logs/full_sft_mini.log
sft,1,2,37900,56608,37900,1.4262,1.4262,0.0,7.73e-06,experiments/logs/full_sft_mini.log
sft,1,2,37950,56608,37950,1.125,1.125,0.0,7.73e-06,experiments/logs/full_sft_mini.log
sft,1,2,38000,56608,38000,1.3439,1.3439,0.0,7.72e-06,experiments/logs/full_sft_mini.log
sft,1,2,38050,56608,38050,1.4752,1.4752,0.0,7.72e-06,experiments/logs/full_sft_mini.log
sft,1,2,38100,56608,38100,1.9461,1.9461,0.0,7.71e-06,experiments/logs/full_sft_mini.log
sft,1,2,38150,56608,38150,1.8129,1.8129,0.0,7.71e-06,experiments/logs/full_sft_mini.log
sft,1,2,38200,56608,38200,1.5561,1.5561,0.0,7.7e-06,experiments/logs/full_sft_mini.log
sft,1,2,38250,56608,38250,1.7337,1.7337,0.0,7.69e-06,experiments/logs/full_sft_mini.log
sft,1,2,38300,56608,38300,1.765,1.765,0.0,7.69e-06,experiments/logs/full_sft_mini.log
sft,1,2,38350,56608,38350,1.4964,1.4964,0.0,7.68e-06,experiments/logs/full_sft_mini.log
sft,1,2,38400,56608,38400,0.8879,0.8879,0.0,7.68e-06,experiments/logs/full_sft_mini.log
sft,1,2,38450,56608,38450,1.6982,1.6982,0.0,7.67e-06,experiments/logs/full_sft_mini.log
sft,1,2,38500,56608,38500,1.876,1.876,0.0,7.67e-06,experiments/logs/full_sft_mini.log
sft,1,2,38550,56608,38550,1.589,1.589,0.0,7.66e-06,experiments/logs/full_sft_mini.log
sft,1,2,38600,56608,38600,1.3505,1.3505,0.0,7.66e-06,experiments/logs/full_sft_mini.log
sft,1,2,38650,56608,38650,1.7176,1.7176,0.0,7.65e-06,experiments/logs/full_sft_mini.log
sft,1,2,38700,56608,38700,1.7406,1.7406,0.0,7.65e-06,experiments/logs/full_sft_mini.log
sft,1,2,38750,56608,38750,1.4566,1.4566,0.0,7.64e-06,experiments/logs/full_sft_mini.log
sft,1,2,38800,56608,38800,1.4274,1.4274,0.0,7.63e-06,experiments/logs/full_sft_mini.log
sft,1,2,38850,56608,38850,0.7515,0.7515,0.0,7.63e-06,experiments/logs/full_sft_mini.log
sft,1,2,38900,56608,38900,1.416,1.416,0.0,7.62e-06,experiments/logs/full_sft_mini.log
sft,1,2,38950,56608,38950,1.8233,1.8233,0.0,7.62e-06,experiments/logs/full_sft_mini.log
sft,1,2,39000,56608,39000,1.3227,1.3227,0.0,7.61e-06,experiments/logs/full_sft_mini.log
sft,1,2,39050,56608,39050,1.5458,1.5458,0.0,7.61e-06,experiments/logs/full_sft_mini.log
sft,1,2,39100,56608,39100,1.0022,1.0022,0.0,7.6e-06,experiments/logs/full_sft_mini.log
sft,1,2,39150,56608,39150,1.7763,1.7763,0.0,7.6e-06,experiments/logs/full_sft_mini.log
sft,1,2,39200,56608,39200,1.7521,1.7521,0.0,7.59e-06,experiments/logs/full_sft_mini.log
sft,1,2,39250,56608,39250,1.7861,1.7861,0.0,7.58e-06,experiments/logs/full_sft_mini.log
sft,1,2,39300,56608,39300,1.3238,1.3238,0.0,7.58e-06,experiments/logs/full_sft_mini.log
sft,1,2,39350,56608,39350,1.4443,1.4443,0.0,7.57e-06,experiments/logs/full_sft_mini.log
sft,1,2,39400,56608,39400,1.8213,1.8213,0.0,7.57e-06,experiments/logs/full_sft_mini.log
sft,1,2,39450,56608,39450,1.555,1.555,0.0,7.56e-06,experiments/logs/full_sft_mini.log
sft,1,2,39500,56608,39500,1.7472,1.7472,0.0,7.56e-06,experiments/logs/full_sft_mini.log
sft,1,2,39550,56608,39550,1.724,1.724,0.0,7.55e-06,experiments/logs/full_sft_mini.log
sft,1,2,39600,56608,39600,1.7187,1.7187,0.0,7.55e-06,experiments/logs/full_sft_mini.log
sft,1,2,39650,56608,39650,1.5836,1.5836,0.0,7.54e-06,experiments/logs/full_sft_mini.log
sft,1,2,39700,56608,39700,1.5296,1.5296,0.0,7.53e-06,experiments/logs/full_sft_mini.log
sft,1,2,39750,56608,39750,1.4807,1.4807,0.0,7.53e-06,experiments/logs/full_sft_mini.log
sft,1,2,39800,56608,39800,1.886,1.886,0.0,7.52e-06,experiments/logs/full_sft_mini.log
sft,1,2,39850,56608,39850,1.7858,1.7858,0.0,7.52e-06,experiments/logs/full_sft_mini.log
sft,1,2,39900,56608,39900,1.4963,1.4963,0.0,7.51e-06,experiments/logs/full_sft_mini.log
sft,1,2,39950,56608,39950,1.6727,1.6727,0.0,7.51e-06,experiments/logs/full_sft_mini.log
sft,1,2,40000,56608,40000,1.863,1.863,0.0,7.5e-06,experiments/logs/full_sft_mini.log
sft,1,2,40050,56608,40050,1.6496,1.6496,0.0,7.5e-06,experiments/logs/full_sft_mini.log
sft,1,2,40100,56608,40100,1.3544,1.3544,0.0,7.49e-06,experiments/logs/full_sft_mini.log
sft,1,2,40150,56608,40150,1.5062,1.5062,0.0,7.48e-06,experiments/logs/full_sft_mini.log
sft,1,2,40200,56608,40200,1.5915,1.5915,0.0,7.48e-06,experiments/logs/full_sft_mini.log
sft,1,2,40250,56608,40250,1.4127,1.4127,0.0,7.47e-06,experiments/logs/full_sft_mini.log
sft,1,2,40300,56608,40300,1.4231,1.4231,0.0,7.47e-06,experiments/logs/full_sft_mini.log
sft,1,2,40350,56608,40350,1.5794,1.5794,0.0,7.46e-06,experiments/logs/full_sft_mini.log
sft,1,2,40400,56608,40400,2.057,2.057,0.0,7.46e-06,experiments/logs/full_sft_mini.log
sft,1,2,40450,56608,40450,1.7133,1.7133,0.0,7.45e-06,experiments/logs/full_sft_mini.log
sft,1,2,40500,56608,40500,1.7368,1.7368,0.0,7.45e-06,experiments/logs/full_sft_mini.log
sft,1,2,40550,56608,40550,1.5873,1.5873,0.0,7.44e-06,experiments/logs/full_sft_mini.log
sft,1,2,40600,56608,40600,1.8692,1.8692,0.0,7.43e-06,experiments/logs/full_sft_mini.log
sft,1,2,40650,56608,40650,1.4597,1.4597,0.0,7.43e-06,experiments/logs/full_sft_mini.log
sft,1,2,40700,56608,40700,1.1685,1.1685,0.0,7.42e-06,experiments/logs/full_sft_mini.log
sft,1,2,40750,56608,40750,1.603,1.603,0.0,7.42e-06,experiments/logs/full_sft_mini.log
sft,1,2,40800,56608,40800,1.8024,1.8024,0.0,7.41e-06,experiments/logs/full_sft_mini.log
sft,1,2,40850,56608,40850,1.7526,1.7526,0.0,7.41e-06,experiments/logs/full_sft_mini.log
sft,1,2,40900,56608,40900,1.8441,1.8441,0.0,7.4e-06,experiments/logs/full_sft_mini.log
sft,1,2,40950,56608,40950,1.3434,1.3434,0.0,7.39e-06,experiments/logs/full_sft_mini.log
sft,1,2,41000,56608,41000,1.5664,1.5664,0.0,7.39e-06,experiments/logs/full_sft_mini.log
sft,1,2,41050,56608,41050,1.8179,1.8179,0.0,7.38e-06,experiments/logs/full_sft_mini.log
sft,1,2,41100,56608,41100,1.5017,1.5017,0.0,7.38e-06,experiments/logs/full_sft_mini.log
sft,1,2,41150,56608,41150,1.436,1.436,0.0,7.37e-06,experiments/logs/full_sft_mini.log
sft,1,2,41200,56608,41200,1.421,1.421,0.0,7.37e-06,experiments/logs/full_sft_mini.log
sft,1,2,41250,56608,41250,1.3725,1.3725,0.0,7.36e-06,experiments/logs/full_sft_mini.log
sft,1,2,41300,56608,41300,1.801,1.801,0.0,7.35e-06,experiments/logs/full_sft_mini.log
sft,1,2,41350,56608,41350,1.9467,1.9467,0.0,7.35e-06,experiments/logs/full_sft_mini.log
sft,1,2,41400,56608,41400,1.9737,1.9737,0.0,7.34e-06,experiments/logs/full_sft_mini.log
sft,1,2,41450,56608,41450,1.8708,1.8708,0.0,7.34e-06,experiments/logs/full_sft_mini.log
sft,1,2,41500,56608,41500,1.4524,1.4524,0.0,7.33e-06,experiments/logs/full_sft_mini.log
sft,1,2,41550,56608,41550,1.7329,1.7329,0.0,7.33e-06,experiments/logs/full_sft_mini.log
sft,1,2,41600,56608,41600,1.7636,1.7636,0.0,7.32e-06,experiments/logs/full_sft_mini.log
sft,1,2,41650,56608,41650,1.4694,1.4694,0.0,7.31e-06,experiments/logs/full_sft_mini.log
sft,1,2,41700,56608,41700,1.5698,1.5698,0.0,7.31e-06,experiments/logs/full_sft_mini.log
sft,1,2,41750,56608,41750,1.248,1.248,0.0,7.3e-06,experiments/logs/full_sft_mini.log
sft,1,2,41800,56608,41800,1.5206,1.5206,0.0,7.3e-06,experiments/logs/full_sft_mini.log
sft,1,2,41850,56608,41850,1.8032,1.8032,0.0,7.29e-06,experiments/logs/full_sft_mini.log
sft,1,2,41900,56608,41900,1.3784,1.3784,0.0,7.29e-06,experiments/logs/full_sft_mini.log
sft,1,2,41950,56608,41950,1.6634,1.6634,0.0,7.28e-06,experiments/logs/full_sft_mini.log
sft,1,2,42000,56608,42000,1.7336,1.7336,0.0,7.27e-06,experiments/logs/full_sft_mini.log
sft,1,2,42050,56608,42050,1.4877,1.4877,0.0,7.27e-06,experiments/logs/full_sft_mini.log
sft,1,2,42100,56608,42100,1.5787,1.5787,0.0,7.26e-06,experiments/logs/full_sft_mini.log
sft,1,2,42150,56608,42150,1.2317,1.2317,0.0,7.26e-06,experiments/logs/full_sft_mini.log
sft,1,2,42200,56608,42200,1.5867,1.5867,0.0,7.25e-06,experiments/logs/full_sft_mini.log
sft,1,2,42250,56608,42250,1.4717,1.4717,0.0,7.25e-06,experiments/logs/full_sft_mini.log
sft,1,2,42300,56608,42300,1.2152,1.2152,0.0,7.24e-06,experiments/logs/full_sft_mini.log
sft,1,2,42350,56608,42350,1.7813,1.7813,0.0,7.23e-06,experiments/logs/full_sft_mini.log
sft,1,2,42400,56608,42400,2.0822,2.0822,0.0,7.23e-06,experiments/logs/full_sft_mini.log
sft,1,2,42450,56608,42450,1.4775,1.4775,0.0,7.22e-06,experiments/logs/full_sft_mini.log
sft,1,2,42500,56608,42500,1.7016,1.7016,0.0,7.22e-06,experiments/logs/full_sft_mini.log
sft,1,2,42550,56608,42550,1.6754,1.6754,0.0,7.21e-06,experiments/logs/full_sft_mini.log
sft,1,2,42600,56608,42600,1.959,1.959,0.0,7.21e-06,experiments/logs/full_sft_mini.log
sft,1,2,42650,56608,42650,1.3262,1.3262,0.0,7.2e-06,experiments/logs/full_sft_mini.log
sft,1,2,42700,56608,42700,1.182,1.182,0.0,7.19e-06,experiments/logs/full_sft_mini.log
sft,1,2,42750,56608,42750,1.5674,1.5674,0.0,7.19e-06,experiments/logs/full_sft_mini.log
sft,1,2,42800,56608,42800,1.7527,1.7527,0.0,7.18e-06,experiments/logs/full_sft_mini.log
sft,1,2,42850,56608,42850,1.6052,1.6052,0.0,7.18e-06,experiments/logs/full_sft_mini.log
sft,1,2,42900,56608,42900,1.4937,1.4937,0.0,7.17e-06,experiments/logs/full_sft_mini.log
sft,1,2,42950,56608,42950,1.8102,1.8102,0.0,7.16e-06,experiments/logs/full_sft_mini.log
sft,1,2,43000,56608,43000,1.5526,1.5526,0.0,7.16e-06,experiments/logs/full_sft_mini.log
sft,1,2,43050,56608,43050,1.4334,1.4334,0.0,7.15e-06,experiments/logs/full_sft_mini.log
sft,1,2,43100,56608,43100,1.3338,1.3338,0.0,7.15e-06,experiments/logs/full_sft_mini.log
sft,1,2,43150,56608,43150,1.5091,1.5091,0.0,7.14e-06,experiments/logs/full_sft_mini.log
sft,1,2,43200,56608,43200,1.7455,1.7455,0.0,7.14e-06,experiments/logs/full_sft_mini.log
sft,1,2,43250,56608,43250,1.6383,1.6383,0.0,7.13e-06,experiments/logs/full_sft_mini.log
sft,1,2,43300,56608,43300,2.0043,2.0043,0.0,7.12e-06,experiments/logs/full_sft_mini.log
sft,1,2,43350,56608,43350,1.7632,1.7632,0.0,7.12e-06,experiments/logs/full_sft_mini.log
sft,1,2,43400,56608,43400,1.6038,1.6038,0.0,7.11e-06,experiments/logs/full_sft_mini.log
sft,1,2,43450,56608,43450,1.5586,1.5586,0.0,7.11e-06,experiments/logs/full_sft_mini.log
sft,1,2,43500,56608,43500,1.8708,1.8708,0.0,7.1e-06,experiments/logs/full_sft_mini.log
sft,1,2,43550,56608,43550,1.3899,1.3899,0.0,7.1e-06,experiments/logs/full_sft_mini.log
sft,1,2,43600,56608,43600,1.4738,1.4738,0.0,7.09e-06,experiments/logs/full_sft_mini.log
sft,1,2,43650,56608,43650,1.5477,1.5477,0.0,7.08e-06,experiments/logs/full_sft_mini.log
sft,1,2,43700,56608,43700,1.4845,1.4845,0.0,7.08e-06,experiments/logs/full_sft_mini.log
sft,1,2,43750,56608,43750,1.5817,1.5817,0.0,7.07e-06,experiments/logs/full_sft_mini.log
sft,1,2,43800,56608,43800,1.2204,1.2204,0.0,7.07e-06,experiments/logs/full_sft_mini.log
sft,1,2,43850,56608,43850,1.7587,1.7587,0.0,7.06e-06,experiments/logs/full_sft_mini.log
sft,1,2,43900,56608,43900,1.6153,1.6153,0.0,7.05e-06,experiments/logs/full_sft_mini.log
sft,1,2,43950,56608,43950,1.5061,1.5061,0.0,7.05e-06,experiments/logs/full_sft_mini.log
sft,1,2,44000,56608,44000,1.4556,1.4556,0.0,7.04e-06,experiments/logs/full_sft_mini.log
sft,1,2,44050,56608,44050,1.5261,1.5261,0.0,7.04e-06,experiments/logs/full_sft_mini.log
sft,1,2,44100,56608,44100,1.3165,1.3165,0.0,7.03e-06,experiments/logs/full_sft_mini.log
sft,1,2,44150,56608,44150,1.5398,1.5398,0.0,7.02e-06,experiments/logs/full_sft_mini.log
sft,1,2,44200,56608,44200,1.6419,1.6419,0.0,7.02e-06,experiments/logs/full_sft_mini.log
sft,1,2,44250,56608,44250,1.7596,1.7596,0.0,7.01e-06,experiments/logs/full_sft_mini.log
sft,1,2,44300,56608,44300,1.7088,1.7088,0.0,7.01e-06,experiments/logs/full_sft_mini.log
sft,1,2,44350,56608,44350,1.7123,1.7123,0.0,7e-06,experiments/logs/full_sft_mini.log
sft,1,2,44400,56608,44400,1.5101,1.5101,0.0,7e-06,experiments/logs/full_sft_mini.log
sft,1,2,44450,56608,44450,1.6067,1.6067,0.0,6.99e-06,experiments/logs/full_sft_mini.log
sft,1,2,44500,56608,44500,1.3576,1.3576,0.0,6.98e-06,experiments/logs/full_sft_mini.log
sft,1,2,44550,56608,44550,2.1753,2.1753,0.0,6.98e-06,experiments/logs/full_sft_mini.log
sft,1,2,44600,56608,44600,1.5965,1.5965,0.0,6.97e-06,experiments/logs/full_sft_mini.log
sft,1,2,44650,56608,44650,1.4612,1.4612,0.0,6.97e-06,experiments/logs/full_sft_mini.log
sft,1,2,44700,56608,44700,1.6621,1.6621,0.0,6.96e-06,experiments/logs/full_sft_mini.log
sft,1,2,44750,56608,44750,1.5743,1.5743,0.0,6.95e-06,experiments/logs/full_sft_mini.log
sft,1,2,44800,56608,44800,1.2174,1.2174,0.0,6.95e-06,experiments/logs/full_sft_mini.log
sft,1,2,44850,56608,44850,1.0343,1.0343,0.0,6.94e-06,experiments/logs/full_sft_mini.log
sft,1,2,44900,56608,44900,1.6803,1.6803,0.0,6.94e-06,experiments/logs/full_sft_mini.log
sft,1,2,44950,56608,44950,1.734,1.734,0.0,6.93e-06,experiments/logs/full_sft_mini.log
sft,1,2,45000,56608,45000,1.6483,1.6483,0.0,6.92e-06,experiments/logs/full_sft_mini.log
sft,1,2,45050,56608,45050,1.6047,1.6047,0.0,6.92e-06,experiments/logs/full_sft_mini.log
sft,1,2,45100,56608,45100,1.4364,1.4364,0.0,6.91e-06,experiments/logs/full_sft_mini.log
sft,1,2,45150,56608,45150,1.1951,1.1951,0.0,6.91e-06,experiments/logs/full_sft_mini.log
sft,1,2,45200,56608,45200,1.8291,1.8291,0.0,6.9e-06,experiments/logs/full_sft_mini.log
sft,1,2,45250,56608,45250,1.4382,1.4382,0.0,6.89e-06,experiments/logs/full_sft_mini.log
sft,1,2,45300,56608,45300,1.4763,1.4763,0.0,6.89e-06,experiments/logs/full_sft_mini.log
sft,1,2,45350,56608,45350,1.3026,1.3026,0.0,6.88e-06,experiments/logs/full_sft_mini.log
sft,1,2,45400,56608,45400,1.2624,1.2624,0.0,6.88e-06,experiments/logs/full_sft_mini.log
sft,1,2,45450,56608,45450,1.6702,1.6702,0.0,6.87e-06,experiments/logs/full_sft_mini.log
sft,1,2,45500,56608,45500,1.9282,1.9282,0.0,6.87e-06,experiments/logs/full_sft_mini.log
sft,1,2,45550,56608,45550,2.0888,2.0888,0.0,6.86e-06,experiments/logs/full_sft_mini.log
sft,1,2,45600,56608,45600,1.6541,1.6541,0.0,6.85e-06,experiments/logs/full_sft_mini.log
sft,1,2,45650,56608,45650,1.5551,1.5551,0.0,6.85e-06,experiments/logs/full_sft_mini.log
sft,1,2,45700,56608,45700,1.606,1.606,0.0,6.84e-06,experiments/logs/full_sft_mini.log
sft,1,2,45750,56608,45750,1.5409,1.5409,0.0,6.84e-06,experiments/logs/full_sft_mini.log
sft,1,2,45800,56608,45800,1.7441,1.7441,0.0,6.83e-06,experiments/logs/full_sft_mini.log
sft,1,2,45850,56608,45850,1.1729,1.1729,0.0,6.82e-06,experiments/logs/full_sft_mini.log
sft,1,2,45900,56608,45900,1.5438,1.5438,0.0,6.82e-06,experiments/logs/full_sft_mini.log
sft,1,2,45950,56608,45950,1.2741,1.2741,0.0,6.81e-06,experiments/logs/full_sft_mini.log
sft,1,2,46000,56608,46000,1.5986,1.5986,0.0,6.81e-06,experiments/logs/full_sft_mini.log
sft,1,2,46050,56608,46050,1.1807,1.1807,0.0,6.8e-06,experiments/logs/full_sft_mini.log
sft,1,2,46100,56608,46100,1.8625,1.8625,0.0,6.79e-06,experiments/logs/full_sft_mini.log
sft,1,2,46150,56608,46150,1.715,1.715,0.0,6.79e-06,experiments/logs/full_sft_mini.log
sft,1,2,46200,56608,46200,1.5346,1.5346,0.0,6.78e-06,experiments/logs/full_sft_mini.log
sft,1,2,46250,56608,46250,1.6325,1.6325,0.0,6.78e-06,experiments/logs/full_sft_mini.log
sft,1,2,46300,56608,46300,2.0937,2.0937,0.0,6.77e-06,experiments/logs/full_sft_mini.log
sft,1,2,46350,56608,46350,1.4416,1.4416,0.0,6.76e-06,experiments/logs/full_sft_mini.log
sft,1,2,46400,56608,46400,1.4836,1.4836,0.0,6.76e-06,experiments/logs/full_sft_mini.log
sft,1,2,46450,56608,46450,1.3594,1.3594,0.0,6.75e-06,experiments/logs/full_sft_mini.log
sft,1,2,46500,56608,46500,1.7576,1.7576,0.0,6.75e-06,experiments/logs/full_sft_mini.log
sft,1,2,46550,56608,46550,1.4567,1.4567,0.0,6.74e-06,experiments/logs/full_sft_mini.log
sft,1,2,46600,56608,46600,1.3777,1.3777,0.0,6.73e-06,experiments/logs/full_sft_mini.log
sft,1,2,46650,56608,46650,2.0386,2.0386,0.0,6.73e-06,experiments/logs/full_sft_mini.log
sft,1,2,46700,56608,46700,1.416,1.416,0.0,6.72e-06,experiments/logs/full_sft_mini.log
sft,1,2,46750,56608,46750,1.3704,1.3704,0.0,6.72e-06,experiments/logs/full_sft_mini.log
sft,1,2,46800,56608,46800,1.4654,1.4654,0.0,6.71e-06,experiments/logs/full_sft_mini.log
sft,1,2,46850,56608,46850,1.1563,1.1563,0.0,6.7e-06,experiments/logs/full_sft_mini.log
sft,1,2,46900,56608,46900,1.5093,1.5093,0.0,6.7e-06,experiments/logs/full_sft_mini.log
sft,1,2,46950,56608,46950,1.5407,1.5407,0.0,6.69e-06,experiments/logs/full_sft_mini.log
sft,1,2,47000,56608,47000,1.5577,1.5577,0.0,6.69e-06,experiments/logs/full_sft_mini.log
sft,1,2,47050,56608,47050,1.9655,1.9655,0.0,6.68e-06,experiments/logs/full_sft_mini.log
sft,1,2,47100,56608,47100,1.453,1.453,0.0,6.67e-06,experiments/logs/full_sft_mini.log
sft,1,2,47150,56608,47150,1.864,1.864,0.0,6.67e-06,experiments/logs/full_sft_mini.log
sft,1,2,47200,56608,47200,1.4769,1.4769,0.0,6.66e-06,experiments/logs/full_sft_mini.log
sft,1,2,47250,56608,47250,1.7596,1.7596,0.0,6.66e-06,experiments/logs/full_sft_mini.log
sft,1,2,47300,56608,47300,1.1546,1.1546,0.0,6.65e-06,experiments/logs/full_sft_mini.log
sft,1,2,47350,56608,47350,1.1841,1.1841,0.0,6.64e-06,experiments/logs/full_sft_mini.log
sft,1,2,47400,56608,47400,1.692,1.692,0.0,6.64e-06,experiments/logs/full_sft_mini.log
sft,1,2,47450,56608,47450,1.7414,1.7414,0.0,6.63e-06,experiments/logs/full_sft_mini.log
sft,1,2,47500,56608,47500,1.8255,1.8255,0.0,6.63e-06,experiments/logs/full_sft_mini.log
sft,1,2,47550,56608,47550,1.4981,1.4981,0.0,6.62e-06,experiments/logs/full_sft_mini.log
sft,1,2,47600,56608,47600,2.1058,2.1058,0.0,6.61e-06,experiments/logs/full_sft_mini.log
sft,1,2,47650,56608,47650,1.8541,1.8541,0.0,6.61e-06,experiments/logs/full_sft_mini.log
sft,1,2,47700,56608,47700,1.7541,1.7541,0.0,6.6e-06,experiments/logs/full_sft_mini.log
sft,1,2,47750,56608,47750,1.7978,1.7978,0.0,6.59e-06,experiments/logs/full_sft_mini.log
sft,1,2,47800,56608,47800,1.575,1.575,0.0,6.59e-06,experiments/logs/full_sft_mini.log
sft,1,2,47850,56608,47850,1.7676,1.7676,0.0,6.58e-06,experiments/logs/full_sft_mini.log
sft,1,2,47900,56608,47900,1.1145,1.1145,0.0,6.58e-06,experiments/logs/full_sft_mini.log
sft,1,2,47950,56608,47950,2.0655,2.0655,0.0,6.57e-06,experiments/logs/full_sft_mini.log
sft,1,2,48000,56608,48000,1.9629,1.9629,0.0,6.56e-06,experiments/logs/full_sft_mini.log
sft,1,2,48050,56608,48050,1.6643,1.6643,0.0,6.56e-06,experiments/logs/full_sft_mini.log
sft,1,2,48100,56608,48100,1.4243,1.4243,0.0,6.55e-06,experiments/logs/full_sft_mini.log
sft,1,2,48150,56608,48150,0.8287,0.8287,0.0,6.55e-06,experiments/logs/full_sft_mini.log
sft,1,2,48200,56608,48200,1.7812,1.7812,0.0,6.54e-06,experiments/logs/full_sft_mini.log
sft,1,2,48250,56608,48250,1.2956,1.2956,0.0,6.53e-06,experiments/logs/full_sft_mini.log
sft,1,2,48300,56608,48300,1.3097,1.3097,0.0,6.53e-06,experiments/logs/full_sft_mini.log
sft,1,2,48350,56608,48350,1.293,1.293,0.0,6.52e-06,experiments/logs/full_sft_mini.log
sft,1,2,48400,56608,48400,1.4583,1.4583,0.0,6.52e-06,experiments/logs/full_sft_mini.log
sft,1,2,48450,56608,48450,1.6521,1.6521,0.0,6.51e-06,experiments/logs/full_sft_mini.log
sft,1,2,48500,56608,48500,1.6632,1.6632,0.0,6.5e-06,experiments/logs/full_sft_mini.log
sft,1,2,48550,56608,48550,1.784,1.784,0.0,6.5e-06,experiments/logs/full_sft_mini.log
sft,1,2,48600,56608,48600,1.629,1.629,0.0,6.49e-06,experiments/logs/full_sft_mini.log
sft,1,2,48650,56608,48650,1.5987,1.5987,0.0,6.49e-06,experiments/logs/full_sft_mini.log
sft,1,2,48700,56608,48700,1.6718,1.6718,0.0,6.48e-06,experiments/logs/full_sft_mini.log
sft,1,2,48750,56608,48750,1.4314,1.4314,0.0,6.47e-06,experiments/logs/full_sft_mini.log
sft,1,2,48800,56608,48800,1.7709,1.7709,0.0,6.47e-06,experiments/logs/full_sft_mini.log
sft,1,2,48850,56608,48850,1.7991,1.7991,0.0,6.46e-06,experiments/logs/full_sft_mini.log
sft,1,2,48900,56608,48900,1.4505,1.4505,0.0,6.46e-06,experiments/logs/full_sft_mini.log
sft,1,2,48950,56608,48950,1.3669,1.3669,0.0,6.45e-06,experiments/logs/full_sft_mini.log
sft,1,2,49000,56608,49000,1.4789,1.4789,0.0,6.44e-06,experiments/logs/full_sft_mini.log
sft,1,2,49050,56608,49050,1.2233,1.2233,0.0,6.44e-06,experiments/logs/full_sft_mini.log
sft,1,2,49100,56608,49100,1.6321,1.6321,0.0,6.43e-06,experiments/logs/full_sft_mini.log
sft,1,2,49150,56608,49150,1.5446,1.5446,0.0,6.42e-06,experiments/logs/full_sft_mini.log
sft,1,2,49200,56608,49200,1.8385,1.8385,0.0,6.42e-06,experiments/logs/full_sft_mini.log
sft,1,2,49250,56608,49250,1.7238,1.7238,0.0,6.41e-06,experiments/logs/full_sft_mini.log
sft,1,2,49300,56608,49300,1.3455,1.3455,0.0,6.41e-06,experiments/logs/full_sft_mini.log
sft,1,2,49350,56608,49350,1.5025,1.5025,0.0,6.4e-06,experiments/logs/full_sft_mini.log
sft,1,2,49400,56608,49400,2.0025,2.0025,0.0,6.39e-06,experiments/logs/full_sft_mini.log
sft,1,2,49450,56608,49450,1.5575,1.5575,0.0,6.39e-06,experiments/logs/full_sft_mini.log
sft,1,2,49500,56608,49500,1.7879,1.7879,0.0,6.38e-06,experiments/logs/full_sft_mini.log
sft,1,2,49550,56608,49550,1.4561,1.4561,0.0,6.38e-06,experiments/logs/full_sft_mini.log
sft,1,2,49600,56608,49600,1.3388,1.3388,0.0,6.37e-06,experiments/logs/full_sft_mini.log
sft,1,2,49650,56608,49650,1.9204,1.9204,0.0,6.36e-06,experiments/logs/full_sft_mini.log
sft,1,2,49700,56608,49700,1.2946,1.2946,0.0,6.36e-06,experiments/logs/full_sft_mini.log
sft,1,2,49750,56608,49750,1.9502,1.9502,0.0,6.35e-06,experiments/logs/full_sft_mini.log
sft,1,2,49800,56608,49800,1.4965,1.4965,0.0,6.35e-06,experiments/logs/full_sft_mini.log
sft,1,2,49850,56608,49850,1.7518,1.7518,0.0,6.34e-06,experiments/logs/full_sft_mini.log
sft,1,2,49900,56608,49900,1.7244,1.7244,0.0,6.33e-06,experiments/logs/full_sft_mini.log
sft,1,2,49950,56608,49950,1.4464,1.4464,0.0,6.33e-06,experiments/logs/full_sft_mini.log
sft,1,2,50000,56608,50000,1.2167,1.2167,0.0,6.32e-06,experiments/logs/full_sft_mini.log
sft,1,2,50050,56608,50050,1.6439,1.6439,0.0,6.31e-06,experiments/logs/full_sft_mini.log
sft,1,2,50100,56608,50100,1.4915,1.4915,0.0,6.31e-06,experiments/logs/full_sft_mini.log
sft,1,2,50150,56608,50150,1.4729,1.4729,0.0,6.3e-06,experiments/logs/full_sft_mini.log
sft,1,2,50200,56608,50200,1.5487,1.5487,0.0,6.3e-06,experiments/logs/full_sft_mini.log
sft,1,2,50250,56608,50250,1.7858,1.7858,0.0,6.29e-06,experiments/logs/full_sft_mini.log
sft,1,2,50300,56608,50300,1.7614,1.7614,0.0,6.28e-06,experiments/logs/full_sft_mini.log
sft,1,2,50350,56608,50350,1.3309,1.3309,0.0,6.28e-06,experiments/logs/full_sft_mini.log
sft,1,2,50400,56608,50400,1.533,1.533,0.0,6.27e-06,experiments/logs/full_sft_mini.log
sft,1,2,50450,56608,50450,1.4367,1.4367,0.0,6.27e-06,experiments/logs/full_sft_mini.log
sft,1,2,50500,56608,50500,1.5482,1.5482,0.0,6.26e-06,experiments/logs/full_sft_mini.log
sft,1,2,50550,56608,50550,1.3387,1.3387,0.0,6.25e-06,experiments/logs/full_sft_mini.log
sft,1,2,50600,56608,50600,1.8184,1.8184,0.0,6.25e-06,experiments/logs/full_sft_mini.log
sft,1,2,50650,56608,50650,1.7298,1.7298,0.0,6.24e-06,experiments/logs/full_sft_mini.log
sft,1,2,50700,56608,50700,1.7408,1.7408,0.0,6.23e-06,experiments/logs/full_sft_mini.log
sft,1,2,50750,56608,50750,1.3375,1.3375,0.0,6.23e-06,experiments/logs/full_sft_mini.log
sft,1,2,50800,56608,50800,1.5441,1.5441,0.0,6.22e-06,experiments/logs/full_sft_mini.log
sft,1,2,50850,56608,50850,1.77,1.77,0.0,6.22e-06,experiments/logs/full_sft_mini.log
sft,1,2,50900,56608,50900,1.7169,1.7169,0.0,6.21e-06,experiments/logs/full_sft_mini.log
sft,1,2,50950,56608,50950,1.6823,1.6823,0.0,6.2e-06,experiments/logs/full_sft_mini.log
sft,1,2,51000,56608,51000,1.2083,1.2083,0.0,6.2e-06,experiments/logs/full_sft_mini.log
sft,1,2,51050,56608,51050,1.2536,1.2536,0.0,6.19e-06,experiments/logs/full_sft_mini.log
sft,1,2,51100,56608,51100,2.0426,2.0426,0.0,6.19e-06,experiments/logs/full_sft_mini.log
sft,1,2,51150,56608,51150,1.7205,1.7205,0.0,6.18e-06,experiments/logs/full_sft_mini.log
sft,1,2,51200,56608,51200,1.9059,1.9059,0.0,6.17e-06,experiments/logs/full_sft_mini.log
sft,1,2,51250,56608,51250,1.4234,1.4234,0.0,6.17e-06,experiments/logs/full_sft_mini.log
sft,1,2,51300,56608,51300,1.9415,1.9415,0.0,6.16e-06,experiments/logs/full_sft_mini.log
sft,1,2,51350,56608,51350,1.6077,1.6077,0.0,6.15e-06,experiments/logs/full_sft_mini.log
sft,1,2,51400,56608,51400,1.7925,1.7925,0.0,6.15e-06,experiments/logs/full_sft_mini.log
sft,1,2,51450,56608,51450,1.8586,1.8586,0.0,6.14e-06,experiments/logs/full_sft_mini.log
sft,1,2,51500,56608,51500,1.7254,1.7254,0.0,6.14e-06,experiments/logs/full_sft_mini.log
sft,1,2,51550,56608,51550,1.7099,1.7099,0.0,6.13e-06,experiments/logs/full_sft_mini.log
sft,1,2,51600,56608,51600,1.2875,1.2875,0.0,6.12e-06,experiments/logs/full_sft_mini.log
sft,1,2,51650,56608,51650,1.3523,1.3523,0.0,6.12e-06,experiments/logs/full_sft_mini.log
sft,1,2,51700,56608,51700,1.5942,1.5942,0.0,6.11e-06,experiments/logs/full_sft_mini.log
sft,1,2,51750,56608,51750,1.1203,1.1203,0.0,6.1e-06,experiments/logs/full_sft_mini.log
sft,1,2,51800,56608,51800,1.4385,1.4385,0.0,6.1e-06,experiments/logs/full_sft_mini.log
sft,1,2,51850,56608,51850,1.9269,1.9269,0.0,6.09e-06,experiments/logs/full_sft_mini.log
sft,1,2,51900,56608,51900,1.5025,1.5025,0.0,6.09e-06,experiments/logs/full_sft_mini.log
sft,1,2,51950,56608,51950,1.4939,1.4939,0.0,6.08e-06,experiments/logs/full_sft_mini.log
sft,1,2,52000,56608,52000,1.7282,1.7282,0.0,6.07e-06,experiments/logs/full_sft_mini.log
sft,1,2,52050,56608,52050,1.7361,1.7361,0.0,6.07e-06,experiments/logs/full_sft_mini.log
sft,1,2,52100,56608,52100,1.8326,1.8326,0.0,6.06e-06,experiments/logs/full_sft_mini.log
sft,1,2,52150,56608,52150,1.1758,1.1758,0.0,6.06e-06,experiments/logs/full_sft_mini.log
sft,1,2,52200,56608,52200,1.648,1.648,0.0,6.05e-06,experiments/logs/full_sft_mini.log
sft,1,2,52250,56608,52250,1.6826,1.6826,0.0,6.04e-06,experiments/logs/full_sft_mini.log
sft,1,2,52300,56608,52300,1.3343,1.3343,0.0,6.04e-06,experiments/logs/full_sft_mini.log
sft,1,2,52350,56608,52350,1.5107,1.5107,0.0,6.03e-06,experiments/logs/full_sft_mini.log
sft,1,2,52400,56608,52400,1.4827,1.4827,0.0,6.02e-06,experiments/logs/full_sft_mini.log
sft,1,2,52450,56608,52450,1.6485,1.6485,0.0,6.02e-06,experiments/logs/full_sft_mini.log
sft,1,2,52500,56608,52500,1.3446,1.3446,0.0,6.01e-06,experiments/logs/full_sft_mini.log
sft,1,2,52550,56608,52550,1.2393,1.2393,0.0,6.01e-06,experiments/logs/full_sft_mini.log
sft,1,2,52600,56608,52600,1.6345,1.6345,0.0,6e-06,experiments/logs/full_sft_mini.log
sft,1,2,52650,56608,52650,1.3997,1.3997,0.0,5.99e-06,experiments/logs/full_sft_mini.log
sft,1,2,52700,56608,52700,2.0733,2.0733,0.0,5.99e-06,experiments/logs/full_sft_mini.log
sft,1,2,52750,56608,52750,1.6619,1.6619,0.0,5.98e-06,experiments/logs/full_sft_mini.log
sft,1,2,52800,56608,52800,1.2554,1.2554,0.0,5.97e-06,experiments/logs/full_sft_mini.log
sft,1,2,52850,56608,52850,1.4758,1.4758,0.0,5.97e-06,experiments/logs/full_sft_mini.log
sft,1,2,52900,56608,52900,1.4856,1.4856,0.0,5.96e-06,experiments/logs/full_sft_mini.log
sft,1,2,52950,56608,52950,1.5387,1.5387,0.0,5.96e-06,experiments/logs/full_sft_mini.log
sft,1,2,53000,56608,53000,1.7567,1.7567,0.0,5.95e-06,experiments/logs/full_sft_mini.log
sft,1,2,53050,56608,53050,1.0069,1.0069,0.0,5.94e-06,experiments/logs/full_sft_mini.log
sft,1,2,53100,56608,53100,2.07,2.07,0.0,5.94e-06,experiments/logs/full_sft_mini.log
sft,1,2,53150,56608,53150,1.7952,1.7952,0.0,5.93e-06,experiments/logs/full_sft_mini.log
sft,1,2,53200,56608,53200,1.0534,1.0534,0.0,5.92e-06,experiments/logs/full_sft_mini.log
sft,1,2,53250,56608,53250,1.6581,1.6581,0.0,5.92e-06,experiments/logs/full_sft_mini.log
sft,1,2,53300,56608,53300,1.5959,1.5959,0.0,5.91e-06,experiments/logs/full_sft_mini.log
sft,1,2,53350,56608,53350,1.5853,1.5853,0.0,5.91e-06,experiments/logs/full_sft_mini.log
sft,1,2,53400,56608,53400,2.1232,2.1232,0.0,5.9e-06,experiments/logs/full_sft_mini.log
sft,1,2,53450,56608,53450,1.4081,1.4081,0.0,5.89e-06,experiments/logs/full_sft_mini.log
sft,1,2,53500,56608,53500,1.6353,1.6353,0.0,5.89e-06,experiments/logs/full_sft_mini.log
sft,1,2,53550,56608,53550,1.4092,1.4092,0.0,5.88e-06,experiments/logs/full_sft_mini.log
sft,1,2,53600,56608,53600,1.4224,1.4224,0.0,5.88e-06,experiments/logs/full_sft_mini.log
sft,1,2,53650,56608,53650,1.8881,1.8881,0.0,5.87e-06,experiments/logs/full_sft_mini.log
sft,1,2,53700,56608,53700,1.191,1.191,0.0,5.86e-06,experiments/logs/full_sft_mini.log
sft,1,2,53750,56608,53750,1.4458,1.4458,0.0,5.86e-06,experiments/logs/full_sft_mini.log
sft,1,2,53800,56608,53800,1.76,1.76,0.0,5.85e-06,experiments/logs/full_sft_mini.log
sft,1,2,53850,56608,53850,1.4379,1.4379,0.0,5.84e-06,experiments/logs/full_sft_mini.log
sft,1,2,53900,56608,53900,1.0073,1.0073,0.0,5.84e-06,experiments/logs/full_sft_mini.log
sft,1,2,53950,56608,53950,1.4773,1.4773,0.0,5.83e-06,experiments/logs/full_sft_mini.log
sft,1,2,54000,56608,54000,1.7394,1.7394,0.0,5.83e-06,experiments/logs/full_sft_mini.log
sft,1,2,54050,56608,54050,1.7786,1.7786,0.0,5.82e-06,experiments/logs/full_sft_mini.log
sft,1,2,54100,56608,54100,1.7489,1.7489,0.0,5.81e-06,experiments/logs/full_sft_mini.log
sft,1,2,54150,56608,54150,1.6977,1.6977,0.0,5.81e-06,experiments/logs/full_sft_mini.log
sft,1,2,54200,56608,54200,1.6772,1.6772,0.0,5.8e-06,experiments/logs/full_sft_mini.log
sft,1,2,54250,56608,54250,1.7887,1.7887,0.0,5.79e-06,experiments/logs/full_sft_mini.log
sft,1,2,54300,56608,54300,1.5738,1.5738,0.0,5.79e-06,experiments/logs/full_sft_mini.log
sft,1,2,54350,56608,54350,1.5072,1.5072,0.0,5.78e-06,experiments/logs/full_sft_mini.log
sft,1,2,54400,56608,54400,1.1762,1.1762,0.0,5.78e-06,experiments/logs/full_sft_mini.log
sft,1,2,54450,56608,54450,1.1493,1.1493,0.0,5.77e-06,experiments/logs/full_sft_mini.log
sft,1,2,54500,56608,54500,1.6667,1.6667,0.0,5.76e-06,experiments/logs/full_sft_mini.log
sft,1,2,54550,56608,54550,1.5851,1.5851,0.0,5.76e-06,experiments/logs/full_sft_mini.log
sft,1,2,54600,56608,54600,1.3563,1.3563,0.0,5.75e-06,experiments/logs/full_sft_mini.log
sft,1,2,54650,56608,54650,1.5119,1.5119,0.0,5.74e-06,experiments/logs/full_sft_mini.log
sft,1,2,54700,56608,54700,1.451,1.451,0.0,5.74e-06,experiments/logs/full_sft_mini.log
sft,1,2,54750,56608,54750,1.4462,1.4462,0.0,5.73e-06,experiments/logs/full_sft_mini.log
sft,1,2,54800,56608,54800,1.5687,1.5687,0.0,5.73e-06,experiments/logs/full_sft_mini.log
sft,1,2,54850,56608,54850,1.4694,1.4694,0.0,5.72e-06,experiments/logs/full_sft_mini.log
sft,1,2,54900,56608,54900,1.5415,1.5415,0.0,5.71e-06,experiments/logs/full_sft_mini.log
sft,1,2,54950,56608,54950,1.58,1.58,0.0,5.71e-06,experiments/logs/full_sft_mini.log
sft,1,2,55000,56608,55000,1.5057,1.5057,0.0,5.7e-06,experiments/logs/full_sft_mini.log
sft,1,2,55050,56608,55050,1.7241,1.7241,0.0,5.69e-06,experiments/logs/full_sft_mini.log
sft,1,2,55100,56608,55100,1.4532,1.4532,0.0,5.69e-06,experiments/logs/full_sft_mini.log
sft,1,2,55150,56608,55150,1.7773,1.7773,0.0,5.68e-06,experiments/logs/full_sft_mini.log
sft,1,2,55200,56608,55200,1.0832,1.0832,0.0,5.68e-06,experiments/logs/full_sft_mini.log
sft,1,2,55250,56608,55250,1.6027,1.6027,0.0,5.67e-06,experiments/logs/full_sft_mini.log
sft,1,2,55300,56608,55300,1.6899,1.6899,0.0,5.66e-06,experiments/logs/full_sft_mini.log
sft,1,2,55350,56608,55350,1.6489,1.6489,0.0,5.66e-06,experiments/logs/full_sft_mini.log
sft,1,2,55400,56608,55400,1.7217,1.7217,0.0,5.65e-06,experiments/logs/full_sft_mini.log
sft,1,2,55450,56608,55450,1.594,1.594,0.0,5.64e-06,experiments/logs/full_sft_mini.log
sft,1,2,55500,56608,55500,1.7184,1.7184,0.0,5.64e-06,experiments/logs/full_sft_mini.log
sft,1,2,55550,56608,55550,1.9552,1.9552,0.0,5.63e-06,experiments/logs/full_sft_mini.log
sft,1,2,55600,56608,55600,1.3748,1.3748,0.0,5.63e-06,experiments/logs/full_sft_mini.log
sft,1,2,55650,56608,55650,1.8177,1.8177,0.0,5.62e-06,experiments/logs/full_sft_mini.log
sft,1,2,55700,56608,55700,1.9153,1.9153,0.0,5.61e-06,experiments/logs/full_sft_mini.log
sft,1,2,55750,56608,55750,1.5841,1.5841,0.0,5.61e-06,experiments/logs/full_sft_mini.log
sft,1,2,55800,56608,55800,1.6279,1.6279,0.0,5.6e-06,experiments/logs/full_sft_mini.log
sft,1,2,55850,56608,55850,1.9364,1.9364,0.0,5.59e-06,experiments/logs/full_sft_mini.log
sft,1,2,55900,56608,55900,0.9929,0.9929,0.0,5.59e-06,experiments/logs/full_sft_mini.log
sft,1,2,55950,56608,55950,1.7759,1.7759,0.0,5.58e-06,experiments/logs/full_sft_mini.log
sft,1,2,56000,56608,56000,1.4302,1.4302,0.0,5.58e-06,experiments/logs/full_sft_mini.log
sft,1,2,56050,56608,56050,1.6486,1.6486,0.0,5.57e-06,experiments/logs/full_sft_mini.log
sft,1,2,56100,56608,56100,1.9346,1.9346,0.0,5.56e-06,experiments/logs/full_sft_mini.log
sft,1,2,56150,56608,56150,1.363,1.363,0.0,5.56e-06,experiments/logs/full_sft_mini.log
sft,1,2,56200,56608,56200,1.2752,1.2752,0.0,5.55e-06,experiments/logs/full_sft_mini.log
sft,1,2,56250,56608,56250,1.6947,1.6947,0.0,5.54e-06,experiments/logs/full_sft_mini.log
sft,1,2,56300,56608,56300,1.6643,1.6643,0.0,5.54e-06,experiments/logs/full_sft_mini.log
sft,1,2,56350,56608,56350,1.1926,1.1926,0.0,5.53e-06,experiments/logs/full_sft_mini.log
sft,1,2,56400,56608,56400,1.4841,1.4841,0.0,5.53e-06,experiments/logs/full_sft_mini.log
sft,1,2,56450,56608,56450,1.4455,1.4455,0.0,5.52e-06,experiments/logs/full_sft_mini.log
sft,1,2,56500,56608,56500,1.932,1.932,0.0,5.51e-06,experiments/logs/full_sft_mini.log
sft,1,2,56550,56608,56550,1.6647,1.6647,0.0,5.51e-06,experiments/logs/full_sft_mini.log
sft,1,2,56600,56608,56600,1.845,1.845,0.0,5.5e-06,experiments/logs/full_sft_mini.log
sft,1,2,56608,56608,56608,1.412,1.412,0.0,5.5e-06,experiments/logs/full_sft_mini.log
sft,2,2,50,56608,56658,1.699,1.699,0.0,5.49e-06,experiments/logs/full_sft_mini.log
sft,2,2,100,56608,56708,1.662,1.662,0.0,5.49e-06,experiments/logs/full_sft_mini.log
sft,2,2,150,56608,56758,1.436,1.436,0.0,5.48e-06,experiments/logs/full_sft_mini.log
sft,2,2,200,56608,56808,1.436,1.436,0.0,5.48e-06,experiments/logs/full_sft_mini.log
sft,2,2,250,56608,56858,1.7159,1.7159,0.0,5.47e-06,experiments/logs/full_sft_mini.log
sft,2,2,300,56608,56908,1.741,1.741,0.0,5.46e-06,experiments/logs/full_sft_mini.log
sft,2,2,350,56608,56958,2.1172,2.1172,0.0,5.46e-06,experiments/logs/full_sft_mini.log
sft,2,2,400,56608,57008,1.2983,1.2983,0.0,5.45e-06,experiments/logs/full_sft_mini.log
sft,2,2,450,56608,57058,1.5645,1.5645,0.0,5.44e-06,experiments/logs/full_sft_mini.log
sft,2,2,500,56608,57108,1.7366,1.7366,0.0,5.44e-06,experiments/logs/full_sft_mini.log
sft,2,2,550,56608,57158,1.4096,1.4096,0.0,5.43e-06,experiments/logs/full_sft_mini.log
sft,2,2,600,56608,57208,1.4856,1.4856,0.0,5.43e-06,experiments/logs/full_sft_mini.log
sft,2,2,650,56608,57258,1.5871,1.5871,0.0,5.42e-06,experiments/logs/full_sft_mini.log
sft,2,2,700,56608,57308,1.6878,1.6878,0.0,5.41e-06,experiments/logs/full_sft_mini.log
sft,2,2,750,56608,57358,1.3388,1.3388,0.0,5.41e-06,experiments/logs/full_sft_mini.log
sft,2,2,800,56608,57408,1.2387,1.2387,0.0,5.4e-06,experiments/logs/full_sft_mini.log
sft,2,2,850,56608,57458,1.545,1.545,0.0,5.39e-06,experiments/logs/full_sft_mini.log
sft,2,2,900,56608,57508,1.8004,1.8004,0.0,5.39e-06,experiments/logs/full_sft_mini.log
sft,2,2,950,56608,57558,1.6101,1.6101,0.0,5.38e-06,experiments/logs/full_sft_mini.log
sft,2,2,1000,56608,57608,1.7417,1.7417,0.0,5.38e-06,experiments/logs/full_sft_mini.log
sft,2,2,1050,56608,57658,0.9104,0.9104,0.0,5.37e-06,experiments/logs/full_sft_mini.log
sft,2,2,1100,56608,57708,1.3338,1.3338,0.0,5.36e-06,experiments/logs/full_sft_mini.log
sft,2,2,1150,56608,57758,1.6277,1.6277,0.0,5.36e-06,experiments/logs/full_sft_mini.log
sft,2,2,1200,56608,57808,1.7208,1.7208,0.0,5.35e-06,experiments/logs/full_sft_mini.log
sft,2,2,1250,56608,57858,1.537,1.537,0.0,5.34e-06,experiments/logs/full_sft_mini.log
sft,2,2,1300,56608,57908,2.0156,2.0156,0.0,5.34e-06,experiments/logs/full_sft_mini.log
sft,2,2,1350,56608,57958,1.2909,1.2909,0.0,5.33e-06,experiments/logs/full_sft_mini.log
sft,2,2,1400,56608,58008,1.5901,1.5901,0.0,5.33e-06,experiments/logs/full_sft_mini.log
sft,2,2,1450,56608,58058,1.8786,1.8786,0.0,5.32e-06,experiments/logs/full_sft_mini.log
sft,2,2,1500,56608,58108,1.508,1.508,0.0,5.31e-06,experiments/logs/full_sft_mini.log
sft,2,2,1550,56608,58158,1.9061,1.9061,0.0,5.31e-06,experiments/logs/full_sft_mini.log
sft,2,2,1600,56608,58208,1.2761,1.2761,0.0,5.3e-06,experiments/logs/full_sft_mini.log
sft,2,2,1650,56608,58258,1.18,1.18,0.0,5.29e-06,experiments/logs/full_sft_mini.log
sft,2,2,1700,56608,58308,1.5311,1.5311,0.0,5.29e-06,experiments/logs/full_sft_mini.log
sft,2,2,1750,56608,58358,1.5838,1.5838,0.0,5.28e-06,experiments/logs/full_sft_mini.log
sft,2,2,1800,56608,58408,1.5281,1.5281,0.0,5.28e-06,experiments/logs/full_sft_mini.log
sft,2,2,1850,56608,58458,1.5722,1.5722,0.0,5.27e-06,experiments/logs/full_sft_mini.log
sft,2,2,1900,56608,58508,1.9585,1.9585,0.0,5.26e-06,experiments/logs/full_sft_mini.log
sft,2,2,1950,56608,58558,1.3468,1.3468,0.0,5.26e-06,experiments/logs/full_sft_mini.log
sft,2,2,2000,56608,58608,1.9212,1.9212,0.0,5.25e-06,experiments/logs/full_sft_mini.log
sft,2,2,2050,56608,58658,1.4051,1.4051,0.0,5.24e-06,experiments/logs/full_sft_mini.log
sft,2,2,2100,56608,58708,1.3561,1.3561,0.0,5.24e-06,experiments/logs/full_sft_mini.log
sft,2,2,2150,56608,58758,2.1569,2.1569,0.0,5.23e-06,experiments/logs/full_sft_mini.log
sft,2,2,2200,56608,58808,1.6705,1.6705,0.0,5.23e-06,experiments/logs/full_sft_mini.log
sft,2,2,2250,56608,58858,1.7769,1.7769,0.0,5.22e-06,experiments/logs/full_sft_mini.log
sft,2,2,2300,56608,58908,1.4408,1.4408,0.0,5.21e-06,experiments/logs/full_sft_mini.log
sft,2,2,2350,56608,58958,1.4606,1.4606,0.0,5.21e-06,experiments/logs/full_sft_mini.log
sft,2,2,2400,56608,59008,1.718,1.718,0.0,5.2e-06,experiments/logs/full_sft_mini.log
sft,2,2,2450,56608,59058,1.4527,1.4527,0.0,5.19e-06,experiments/logs/full_sft_mini.log
sft,2,2,2500,56608,59108,1.8398,1.8398,0.0,5.19e-06,experiments/logs/full_sft_mini.log
sft,2,2,2550,56608,59158,1.8303,1.8303,0.0,5.18e-06,experiments/logs/full_sft_mini.log
sft,2,2,2600,56608,59208,1.6785,1.6785,0.0,5.18e-06,experiments/logs/full_sft_mini.log
sft,2,2,2650,56608,59258,1.746,1.746,0.0,5.17e-06,experiments/logs/full_sft_mini.log
sft,2,2,2700,56608,59308,1.4522,1.4522,0.0,5.16e-06,experiments/logs/full_sft_mini.log
sft,2,2,2750,56608,59358,1.5093,1.5093,0.0,5.16e-06,experiments/logs/full_sft_mini.log
sft,2,2,2800,56608,59408,1.4839,1.4839,0.0,5.15e-06,experiments/logs/full_sft_mini.log
sft,2,2,2850,56608,59458,1.5331,1.5331,0.0,5.14e-06,experiments/logs/full_sft_mini.log
sft,2,2,2900,56608,59508,1.7179,1.7179,0.0,5.14e-06,experiments/logs/full_sft_mini.log
sft,2,2,2950,56608,59558,1.7769,1.7769,0.0,5.13e-06,experiments/logs/full_sft_mini.log
sft,2,2,3000,56608,59608,1.4795,1.4795,0.0,5.13e-06,experiments/logs/full_sft_mini.log
sft,2,2,3050,56608,59658,1.6147,1.6147,0.0,5.12e-06,experiments/logs/full_sft_mini.log
sft,2,2,3100,56608,59708,1.3479,1.3479,0.0,5.11e-06,experiments/logs/full_sft_mini.log
sft,2,2,3150,56608,59758,1.203,1.203,0.0,5.11e-06,experiments/logs/full_sft_mini.log
sft,2,2,3200,56608,59808,1.4039,1.4039,0.0,5.1e-06,experiments/logs/full_sft_mini.log
sft,2,2,3250,56608,59858,1.5783,1.5783,0.0,5.09e-06,experiments/logs/full_sft_mini.log
sft,2,2,3300,56608,59908,1.2043,1.2043,0.0,5.09e-06,experiments/logs/full_sft_mini.log
sft,2,2,3350,56608,59958,1.6362,1.6362,0.0,5.08e-06,experiments/logs/full_sft_mini.log
sft,2,2,3400,56608,60008,1.4468,1.4468,0.0,5.08e-06,experiments/logs/full_sft_mini.log
sft,2,2,3450,56608,60058,2.4469,2.4469,0.0,5.07e-06,experiments/logs/full_sft_mini.log
sft,2,2,3500,56608,60108,1.2854,1.2854,0.0,5.06e-06,experiments/logs/full_sft_mini.log
sft,2,2,3550,56608,60158,1.4726,1.4726,0.0,5.06e-06,experiments/logs/full_sft_mini.log
sft,2,2,3600,56608,60208,1.5374,1.5374,0.0,5.05e-06,experiments/logs/full_sft_mini.log
sft,2,2,3650,56608,60258,1.6094,1.6094,0.0,5.05e-06,experiments/logs/full_sft_mini.log
sft,2,2,3700,56608,60308,1.32,1.32,0.0,5.04e-06,experiments/logs/full_sft_mini.log
sft,2,2,3750,56608,60358,1.1995,1.1995,0.0,5.03e-06,experiments/logs/full_sft_mini.log
sft,2,2,3800,56608,60408,1.5687,1.5687,0.0,5.03e-06,experiments/logs/full_sft_mini.log
sft,2,2,3850,56608,60458,1.2365,1.2365,0.0,5.02e-06,experiments/logs/full_sft_mini.log
sft,2,2,3900,56608,60508,1.4249,1.4249,0.0,5.01e-06,experiments/logs/full_sft_mini.log
sft,2,2,3950,56608,60558,1.66,1.66,0.0,5.01e-06,experiments/logs/full_sft_mini.log
sft,2,2,4000,56608,60608,1.8472,1.8472,0.0,5e-06,experiments/logs/full_sft_mini.log
sft,2,2,4050,56608,60658,1.4646,1.4646,0.0,5e-06,experiments/logs/full_sft_mini.log
sft,2,2,4100,56608,60708,1.6435,1.6435,0.0,4.99e-06,experiments/logs/full_sft_mini.log
sft,2,2,4150,56608,60758,1.7082,1.7082,0.0,4.98e-06,experiments/logs/full_sft_mini.log
sft,2,2,4200,56608,60808,1.6564,1.6564,0.0,4.98e-06,experiments/logs/full_sft_mini.log
sft,2,2,4250,56608,60858,1.6559,1.6559,0.0,4.97e-06,experiments/logs/full_sft_mini.log
sft,2,2,4300,56608,60908,1.976,1.976,0.0,4.96e-06,experiments/logs/full_sft_mini.log
sft,2,2,4350,56608,60958,1.4833,1.4833,0.0,4.96e-06,experiments/logs/full_sft_mini.log
sft,2,2,4400,56608,61008,1.7643,1.7643,0.0,4.95e-06,experiments/logs/full_sft_mini.log
sft,2,2,4450,56608,61058,1.6084,1.6084,0.0,4.95e-06,experiments/logs/full_sft_mini.log
sft,2,2,4500,56608,61108,1.2482,1.2482,0.0,4.94e-06,experiments/logs/full_sft_mini.log
sft,2,2,4550,56608,61158,1.7494,1.7494,0.0,4.93e-06,experiments/logs/full_sft_mini.log
sft,2,2,4600,56608,61208,1.2954,1.2954,0.0,4.93e-06,experiments/logs/full_sft_mini.log
sft,2,2,4650,56608,61258,1.6716,1.6716,0.0,4.92e-06,experiments/logs/full_sft_mini.log
sft,2,2,4700,56608,61308,1.0591,1.0591,0.0,4.91e-06,experiments/logs/full_sft_mini.log
sft,2,2,4750,56608,61358,1.3704,1.3704,0.0,4.91e-06,experiments/logs/full_sft_mini.log
sft,2,2,4800,56608,61408,2.0514,2.0514,0.0,4.9e-06,experiments/logs/full_sft_mini.log
sft,2,2,4850,56608,61458,1.5963,1.5963,0.0,4.9e-06,experiments/logs/full_sft_mini.log
sft,2,2,4900,56608,61508,1.656,1.656,0.0,4.89e-06,experiments/logs/full_sft_mini.log
sft,2,2,4950,56608,61558,1.3898,1.3898,0.0,4.88e-06,experiments/logs/full_sft_mini.log
sft,2,2,5000,56608,61608,1.5767,1.5767,0.0,4.88e-06,experiments/logs/full_sft_mini.log
sft,2,2,5050,56608,61658,1.2253,1.2253,0.0,4.87e-06,experiments/logs/full_sft_mini.log
sft,2,2,5100,56608,61708,1.7905,1.7905,0.0,4.87e-06,experiments/logs/full_sft_mini.log
sft,2,2,5150,56608,61758,1.4222,1.4222,0.0,4.86e-06,experiments/logs/full_sft_mini.log
sft,2,2,5200,56608,61808,1.4964,1.4964,0.0,4.85e-06,experiments/logs/full_sft_mini.log
sft,2,2,5250,56608,61858,1.4798,1.4798,0.0,4.85e-06,experiments/logs/full_sft_mini.log
sft,2,2,5300,56608,61908,1.6012,1.6012,0.0,4.84e-06,experiments/logs/full_sft_mini.log
sft,2,2,5350,56608,61958,1.4864,1.4864,0.0,4.83e-06,experiments/logs/full_sft_mini.log
sft,2,2,5400,56608,62008,1.6011,1.6011,0.0,4.83e-06,experiments/logs/full_sft_mini.log
sft,2,2,5450,56608,62058,1.3553,1.3553,0.0,4.82e-06,experiments/logs/full_sft_mini.log
sft,2,2,5500,56608,62108,1.1567,1.1567,0.0,4.82e-06,experiments/logs/full_sft_mini.log
sft,2,2,5550,56608,62158,1.7981,1.7981,0.0,4.81e-06,experiments/logs/full_sft_mini.log
sft,2,2,5600,56608,62208,1.4517,1.4517,0.0,4.8e-06,experiments/logs/full_sft_mini.log
sft,2,2,5650,56608,62258,1.8847,1.8847,0.0,4.8e-06,experiments/logs/full_sft_mini.log
sft,2,2,5700,56608,62308,1.5901,1.5901,0.0,4.79e-06,experiments/logs/full_sft_mini.log
sft,2,2,5750,56608,62358,1.862,1.862,0.0,4.79e-06,experiments/logs/full_sft_mini.log
sft,2,2,5800,56608,62408,1.1622,1.1622,0.0,4.78e-06,experiments/logs/full_sft_mini.log
sft,2,2,5850,56608,62458,1.6362,1.6362,0.0,4.77e-06,experiments/logs/full_sft_mini.log
sft,2,2,5900,56608,62508,1.8343,1.8343,0.0,4.77e-06,experiments/logs/full_sft_mini.log
sft,2,2,5950,56608,62558,1.4955,1.4955,0.0,4.76e-06,experiments/logs/full_sft_mini.log
sft,2,2,6000,56608,62608,1.6109,1.6109,0.0,4.75e-06,experiments/logs/full_sft_mini.log
sft,2,2,6050,56608,62658,1.5791,1.5791,0.0,4.75e-06,experiments/logs/full_sft_mini.log
sft,2,2,6100,56608,62708,1.6168,1.6168,0.0,4.74e-06,experiments/logs/full_sft_mini.log
sft,2,2,6150,56608,62758,1.5411,1.5411,0.0,4.74e-06,experiments/logs/full_sft_mini.log
sft,2,2,6200,56608,62808,1.1589,1.1589,0.0,4.73e-06,experiments/logs/full_sft_mini.log
sft,2,2,6250,56608,62858,1.5059,1.5059,0.0,4.72e-06,experiments/logs/full_sft_mini.log
sft,2,2,6300,56608,62908,1.1458,1.1458,0.0,4.72e-06,experiments/logs/full_sft_mini.log
sft,2,2,6350,56608,62958,1.4004,1.4004,0.0,4.71e-06,experiments/logs/full_sft_mini.log
sft,2,2,6400,56608,63008,1.3564,1.3564,0.0,4.71e-06,experiments/logs/full_sft_mini.log
sft,2,2,6450,56608,63058,1.5294,1.5294,0.0,4.7e-06,experiments/logs/full_sft_mini.log
sft,2,2,6500,56608,63108,1.4937,1.4937,0.0,4.69e-06,experiments/logs/full_sft_mini.log
sft,2,2,6550,56608,63158,1.733,1.733,0.0,4.69e-06,experiments/logs/full_sft_mini.log
sft,2,2,6600,56608,63208,1.8377,1.8377,0.0,4.68e-06,experiments/logs/full_sft_mini.log
sft,2,2,6650,56608,63258,1.6879,1.6879,0.0,4.67e-06,experiments/logs/full_sft_mini.log
sft,2,2,6700,56608,63308,1.3689,1.3689,0.0,4.67e-06,experiments/logs/full_sft_mini.log
sft,2,2,6750,56608,63358,1.5151,1.5151,0.0,4.66e-06,experiments/logs/full_sft_mini.log
sft,2,2,6800,56608,63408,1.7453,1.7453,0.0,4.66e-06,experiments/logs/full_sft_mini.log
sft,2,2,6850,56608,63458,1.3846,1.3846,0.0,4.65e-06,experiments/logs/full_sft_mini.log
sft,2,2,6900,56608,63508,1.1433,1.1433,0.0,4.64e-06,experiments/logs/full_sft_mini.log
sft,2,2,6950,56608,63558,1.6393,1.6393,0.0,4.64e-06,experiments/logs/full_sft_mini.log
sft,2,2,7000,56608,63608,1.2747,1.2747,0.0,4.63e-06,experiments/logs/full_sft_mini.log
sft,2,2,7050,56608,63658,1.6892,1.6892,0.0,4.63e-06,experiments/logs/full_sft_mini.log
sft,2,2,7100,56608,63708,1.5319,1.5319,0.0,4.62e-06,experiments/logs/full_sft_mini.log
sft,2,2,7150,56608,63758,1.4224,1.4224,0.0,4.61e-06,experiments/logs/full_sft_mini.log
sft,2,2,7200,56608,63808,1.722,1.722,0.0,4.61e-06,experiments/logs/full_sft_mini.log
sft,2,2,7250,56608,63858,1.4823,1.4823,0.0,4.6e-06,experiments/logs/full_sft_mini.log
sft,2,2,7300,56608,63908,2.2397,2.2397,0.0,4.59e-06,experiments/logs/full_sft_mini.log
sft,2,2,7350,56608,63958,1.9223,1.9223,0.0,4.59e-06,experiments/logs/full_sft_mini.log
sft,2,2,7400,56608,64008,1.7408,1.7408,0.0,4.58e-06,experiments/logs/full_sft_mini.log
sft,2,2,7450,56608,64058,1.3233,1.3233,0.0,4.58e-06,experiments/logs/full_sft_mini.log
sft,2,2,7500,56608,64108,1.3462,1.3462,0.0,4.57e-06,experiments/logs/full_sft_mini.log
sft,2,2,7550,56608,64158,1.6002,1.6002,0.0,4.56e-06,experiments/logs/full_sft_mini.log
sft,2,2,7600,56608,64208,1.5356,1.5356,0.0,4.56e-06,experiments/logs/full_sft_mini.log
sft,2,2,7650,56608,64258,1.5642,1.5642,0.0,4.55e-06,experiments/logs/full_sft_mini.log
sft,2,2,7700,56608,64308,1.467,1.467,0.0,4.55e-06,experiments/logs/full_sft_mini.log
sft,2,2,7750,56608,64358,1.1964,1.1964,0.0,4.54e-06,experiments/logs/full_sft_mini.log
sft,2,2,7800,56608,64408,1.4681,1.4681,0.0,4.53e-06,experiments/logs/full_sft_mini.log
sft,2,2,7850,56608,64458,1.6119,1.6119,0.0,4.53e-06,experiments/logs/full_sft_mini.log
sft,2,2,7900,56608,64508,1.4898,1.4898,0.0,4.52e-06,experiments/logs/full_sft_mini.log
sft,2,2,7950,56608,64558,1.7005,1.7005,0.0,4.52e-06,experiments/logs/full_sft_mini.log
sft,2,2,8000,56608,64608,1.6396,1.6396,0.0,4.51e-06,experiments/logs/full_sft_mini.log
sft,2,2,8050,56608,64658,1.7148,1.7148,0.0,4.5e-06,experiments/logs/full_sft_mini.log
sft,2,2,8100,56608,64708,1.6423,1.6423,0.0,4.5e-06,experiments/logs/full_sft_mini.log
sft,2,2,8150,56608,64758,1.4221,1.4221,0.0,4.49e-06,experiments/logs/full_sft_mini.log
sft,2,2,8200,56608,64808,1.9822,1.9822,0.0,4.48e-06,experiments/logs/full_sft_mini.log
sft,2,2,8250,56608,64858,1.7745,1.7745,0.0,4.48e-06,experiments/logs/full_sft_mini.log
sft,2,2,8300,56608,64908,1.3943,1.3943,0.0,4.47e-06,experiments/logs/full_sft_mini.log
sft,2,2,8350,56608,64958,1.2937,1.2937,0.0,4.47e-06,experiments/logs/full_sft_mini.log
sft,2,2,8400,56608,65008,1.4682,1.4682,0.0,4.46e-06,experiments/logs/full_sft_mini.log
sft,2,2,8450,56608,65058,1.2912,1.2912,0.0,4.45e-06,experiments/logs/full_sft_mini.log
sft,2,2,8500,56608,65108,1.6853,1.6853,0.0,4.45e-06,experiments/logs/full_sft_mini.log
sft,2,2,8550,56608,65158,1.6137,1.6137,0.0,4.44e-06,experiments/logs/full_sft_mini.log
sft,2,2,8600,56608,65208,1.5876,1.5876,0.0,4.44e-06,experiments/logs/full_sft_mini.log
sft,2,2,8650,56608,65258,1.6864,1.6864,0.0,4.43e-06,experiments/logs/full_sft_mini.log
sft,2,2,8700,56608,65308,1.3606,1.3606,0.0,4.42e-06,experiments/logs/full_sft_mini.log
sft,2,2,8750,56608,65358,1.4427,1.4427,0.0,4.42e-06,experiments/logs/full_sft_mini.log
sft,2,2,8800,56608,65408,1.7862,1.7862,0.0,4.41e-06,experiments/logs/full_sft_mini.log
sft,2,2,8850,56608,65458,1.2549,1.2549,0.0,4.41e-06,experiments/logs/full_sft_mini.log
sft,2,2,8900,56608,65508,1.7354,1.7354,0.0,4.4e-06,experiments/logs/full_sft_mini.log
sft,2,2,8950,56608,65558,1.4213,1.4213,0.0,4.39e-06,experiments/logs/full_sft_mini.log
sft,2,2,9000,56608,65608,1.5433,1.5433,0.0,4.39e-06,experiments/logs/full_sft_mini.log
sft,2,2,9050,56608,65658,1.7288,1.7288,0.0,4.38e-06,experiments/logs/full_sft_mini.log
sft,2,2,9100,56608,65708,1.2051,1.2051,0.0,4.38e-06,experiments/logs/full_sft_mini.log
sft,2,2,9150,56608,65758,1.5478,1.5478,0.0,4.37e-06,experiments/logs/full_sft_mini.log
sft,2,2,9200,56608,65808,1.4999,1.4999,0.0,4.36e-06,experiments/logs/full_sft_mini.log
sft,2,2,9250,56608,65858,1.1213,1.1213,0.0,4.36e-06,experiments/logs/full_sft_mini.log
sft,2,2,9300,56608,65908,1.4048,1.4048,0.0,4.35e-06,experiments/logs/full_sft_mini.log
sft,2,2,9350,56608,65958,1.5545,1.5545,0.0,4.35e-06,experiments/logs/full_sft_mini.log
sft,2,2,9400,56608,66008,0.9509,0.9509,0.0,4.34e-06,experiments/logs/full_sft_mini.log
sft,2,2,9450,56608,66058,2.295,2.295,0.0,4.33e-06,experiments/logs/full_sft_mini.log
sft,2,2,9500,56608,66108,1.4277,1.4277,0.0,4.33e-06,experiments/logs/full_sft_mini.log
sft,2,2,9550,56608,66158,1.7677,1.7677,0.0,4.32e-06,experiments/logs/full_sft_mini.log
sft,2,2,9600,56608,66208,1.2608,1.2608,0.0,4.32e-06,experiments/logs/full_sft_mini.log
sft,2,2,9650,56608,66258,1.5576,1.5576,0.0,4.31e-06,experiments/logs/full_sft_mini.log
sft,2,2,9700,56608,66308,1.7366,1.7366,0.0,4.3e-06,experiments/logs/full_sft_mini.log
sft,2,2,9750,56608,66358,1.5626,1.5626,0.0,4.3e-06,experiments/logs/full_sft_mini.log
sft,2,2,9800,56608,66408,1.5168,1.5168,0.0,4.29e-06,experiments/logs/full_sft_mini.log
sft,2,2,9850,56608,66458,0.7917,0.7917,0.0,4.29e-06,experiments/logs/full_sft_mini.log
sft,2,2,9900,56608,66508,1.6651,1.6651,0.0,4.28e-06,experiments/logs/full_sft_mini.log
sft,2,2,9950,56608,66558,1.9386,1.9386,0.0,4.27e-06,experiments/logs/full_sft_mini.log
sft,2,2,10000,56608,66608,1.6775,1.6775,0.0,4.27e-06,experiments/logs/full_sft_mini.log
sft,2,2,10050,56608,66658,1.4437,1.4437,0.0,4.26e-06,experiments/logs/full_sft_mini.log
sft,2,2,10100,56608,66708,1.885,1.885,0.0,4.26e-06,experiments/logs/full_sft_mini.log
sft,2,2,10150,56608,66758,1.7657,1.7657,0.0,4.25e-06,experiments/logs/full_sft_mini.log
sft,2,2,10200,56608,66808,1.8748,1.8748,0.0,4.24e-06,experiments/logs/full_sft_mini.log
sft,2,2,10250,56608,66858,1.7218,1.7218,0.0,4.24e-06,experiments/logs/full_sft_mini.log
sft,2,2,10300,56608,66908,1.1018,1.1018,0.0,4.23e-06,experiments/logs/full_sft_mini.log
sft,2,2,10350,56608,66958,1.424,1.424,0.0,4.23e-06,experiments/logs/full_sft_mini.log
sft,2,2,10400,56608,67008,1.5201,1.5201,0.0,4.22e-06,experiments/logs/full_sft_mini.log
sft,2,2,10450,56608,67058,1.4982,1.4982,0.0,4.21e-06,experiments/logs/full_sft_mini.log
sft,2,2,10500,56608,67108,1.9263,1.9263,0.0,4.21e-06,experiments/logs/full_sft_mini.log
sft,2,2,10550,56608,67158,1.1837,1.1837,0.0,4.2e-06,experiments/logs/full_sft_mini.log
sft,2,2,10600,56608,67208,1.6246,1.6246,0.0,4.2e-06,experiments/logs/full_sft_mini.log
sft,2,2,10650,56608,67258,1.5461,1.5461,0.0,4.19e-06,experiments/logs/full_sft_mini.log
sft,2,2,10700,56608,67308,1.427,1.427,0.0,4.18e-06,experiments/logs/full_sft_mini.log
sft,2,2,10750,56608,67358,1.4942,1.4942,0.0,4.18e-06,experiments/logs/full_sft_mini.log
sft,2,2,10800,56608,67408,1.3955,1.3955,0.0,4.17e-06,experiments/logs/full_sft_mini.log
sft,2,2,10850,56608,67458,1.5977,1.5977,0.0,4.17e-06,experiments/logs/full_sft_mini.log
sft,2,2,10900,56608,67508,1.5167,1.5167,0.0,4.16e-06,experiments/logs/full_sft_mini.log
sft,2,2,10950,56608,67558,1.4916,1.4916,0.0,4.15e-06,experiments/logs/full_sft_mini.log
sft,2,2,11000,56608,67608,1.4928,1.4928,0.0,4.15e-06,experiments/logs/full_sft_mini.log
sft,2,2,11050,56608,67658,1.538,1.538,0.0,4.14e-06,experiments/logs/full_sft_mini.log
sft,2,2,11100,56608,67708,1.2294,1.2294,0.0,4.14e-06,experiments/logs/full_sft_mini.log
sft,2,2,11150,56608,67758,1.3057,1.3057,0.0,4.13e-06,experiments/logs/full_sft_mini.log
sft,2,2,11200,56608,67808,2.0147,2.0147,0.0,4.12e-06,experiments/logs/full_sft_mini.log
sft,2,2,11250,56608,67858,1.5464,1.5464,0.0,4.12e-06,experiments/logs/full_sft_mini.log
sft,2,2,11300,56608,67908,1.2593,1.2593,0.0,4.11e-06,experiments/logs/full_sft_mini.log
sft,2,2,11350,56608,67958,1.9062,1.9062,0.0,4.11e-06,experiments/logs/full_sft_mini.log
sft,2,2,11400,56608,68008,1.3788,1.3788,0.0,4.1e-06,experiments/logs/full_sft_mini.log
sft,2,2,11450,56608,68058,1.1015,1.1015,0.0,4.09e-06,experiments/logs/full_sft_mini.log
sft,2,2,11500,56608,68108,1.2381,1.2381,0.0,4.09e-06,experiments/logs/full_sft_mini.log
sft,2,2,11550,56608,68158,1.8213,1.8213,0.0,4.08e-06,experiments/logs/full_sft_mini.log
sft,2,2,11600,56608,68208,1.6069,1.6069,0.0,4.08e-06,experiments/logs/full_sft_mini.log
sft,2,2,11650,56608,68258,1.2823,1.2823,0.0,4.07e-06,experiments/logs/full_sft_mini.log
sft,2,2,11700,56608,68308,1.1948,1.1948,0.0,4.06e-06,experiments/logs/full_sft_mini.log
sft,2,2,11750,56608,68358,1.3367,1.3367,0.0,4.06e-06,experiments/logs/full_sft_mini.log
sft,2,2,11800,56608,68408,1.741,1.741,0.0,4.05e-06,experiments/logs/full_sft_mini.log
sft,2,2,11850,56608,68458,1.2226,1.2226,0.0,4.05e-06,experiments/logs/full_sft_mini.log
sft,2,2,11900,56608,68508,0.9808,0.9808,0.0,4.04e-06,experiments/logs/full_sft_mini.log
sft,2,2,11950,56608,68558,1.0615,1.0615,0.0,4.04e-06,experiments/logs/full_sft_mini.log
sft,2,2,12000,56608,68608,1.4359,1.4359,0.0,4.03e-06,experiments/logs/full_sft_mini.log
sft,2,2,12050,56608,68658,1.2733,1.2733,0.0,4.02e-06,experiments/logs/full_sft_mini.log
sft,2,2,12100,56608,68708,1.43,1.43,0.0,4.02e-06,experiments/logs/full_sft_mini.log
sft,2,2,12150,56608,68758,1.5001,1.5001,0.0,4.01e-06,experiments/logs/full_sft_mini.log
sft,2,2,12200,56608,68808,1.5798,1.5798,0.0,4.01e-06,experiments/logs/full_sft_mini.log
sft,2,2,12250,56608,68858,1.3158,1.3158,0.0,4e-06,experiments/logs/full_sft_mini.log
sft,2,2,12300,56608,68908,1.3811,1.3811,0.0,3.99e-06,experiments/logs/full_sft_mini.log
sft,2,2,12350,56608,68958,1.9371,1.9371,0.0,3.99e-06,experiments/logs/full_sft_mini.log
sft,2,2,12400,56608,69008,1.7605,1.7605,0.0,3.98e-06,experiments/logs/full_sft_mini.log
sft,2,2,12450,56608,69058,1.9935,1.9935,0.0,3.98e-06,experiments/logs/full_sft_mini.log
sft,2,2,12500,56608,69108,1.7885,1.7885,0.0,3.97e-06,experiments/logs/full_sft_mini.log
sft,2,2,12550,56608,69158,1.6383,1.6383,0.0,3.96e-06,experiments/logs/full_sft_mini.log
sft,2,2,12600,56608,69208,1.4481,1.4481,0.0,3.96e-06,experiments/logs/full_sft_mini.log
sft,2,2,12650,56608,69258,1.7737,1.7737,0.0,3.95e-06,experiments/logs/full_sft_mini.log
sft,2,2,12700,56608,69308,1.1056,1.1056,0.0,3.95e-06,experiments/logs/full_sft_mini.log
sft,2,2,12750,56608,69358,1.3403,1.3403,0.0,3.94e-06,experiments/logs/full_sft_mini.log
sft,2,2,12800,56608,69408,1.3312,1.3312,0.0,3.94e-06,experiments/logs/full_sft_mini.log
sft,2,2,12850,56608,69458,1.2387,1.2387,0.0,3.93e-06,experiments/logs/full_sft_mini.log
sft,2,2,12900,56608,69508,1.3668,1.3668,0.0,3.92e-06,experiments/logs/full_sft_mini.log
sft,2,2,12950,56608,69558,1.7164,1.7164,0.0,3.92e-06,experiments/logs/full_sft_mini.log
sft,2,2,13000,56608,69608,1.6237,1.6237,0.0,3.91e-06,experiments/logs/full_sft_mini.log
sft,2,2,13050,56608,69658,1.6299,1.6299,0.0,3.91e-06,experiments/logs/full_sft_mini.log
sft,2,2,13100,56608,69708,1.9978,1.9978,0.0,3.9e-06,experiments/logs/full_sft_mini.log
sft,2,2,13150,56608,69758,1.9469,1.9469,0.0,3.89e-06,experiments/logs/full_sft_mini.log
sft,2,2,13200,56608,69808,1.3193,1.3193,0.0,3.89e-06,experiments/logs/full_sft_mini.log
sft,2,2,13250,56608,69858,1.6627,1.6627,0.0,3.88e-06,experiments/logs/full_sft_mini.log
sft,2,2,13300,56608,69908,1.0511,1.0511,0.0,3.88e-06,experiments/logs/full_sft_mini.log
sft,2,2,13350,56608,69958,1.2174,1.2174,0.0,3.87e-06,experiments/logs/full_sft_mini.log
sft,2,2,13400,56608,70008,1.3989,1.3989,0.0,3.87e-06,experiments/logs/full_sft_mini.log
sft,2,2,13450,56608,70058,1.1229,1.1229,0.0,3.86e-06,experiments/logs/full_sft_mini.log
sft,2,2,13500,56608,70108,1.9133,1.9133,0.0,3.85e-06,experiments/logs/full_sft_mini.log
sft,2,2,13550,56608,70158,1.5932,1.5932,0.0,3.85e-06,experiments/logs/full_sft_mini.log
sft,2,2,13600,56608,70208,1.4988,1.4988,0.0,3.84e-06,experiments/logs/full_sft_mini.log
sft,2,2,13650,56608,70258,1.4034,1.4034,0.0,3.84e-06,experiments/logs/full_sft_mini.log
sft,2,2,13700,56608,70308,1.3615,1.3615,0.0,3.83e-06,experiments/logs/full_sft_mini.log
sft,2,2,13750,56608,70358,1.5797,1.5797,0.0,3.82e-06,experiments/logs/full_sft_mini.log
sft,2,2,13800,56608,70408,1.4677,1.4677,0.0,3.82e-06,experiments/logs/full_sft_mini.log
sft,2,2,13850,56608,70458,1.4757,1.4757,0.0,3.81e-06,experiments/logs/full_sft_mini.log
sft,2,2,13900,56608,70508,0.8601,0.8601,0.0,3.81e-06,experiments/logs/full_sft_mini.log
sft,2,2,13950,56608,70558,0.7428,0.7428,0.0,3.8e-06,experiments/logs/full_sft_mini.log
sft,2,2,14000,56608,70608,1.5737,1.5737,0.0,3.8e-06,experiments/logs/full_sft_mini.log
sft,2,2,14050,56608,70658,1.7705,1.7705,0.0,3.79e-06,experiments/logs/full_sft_mini.log
sft,2,2,14100,56608,70708,1.8533,1.8533,0.0,3.78e-06,experiments/logs/full_sft_mini.log
sft,2,2,14150,56608,70758,1.4846,1.4846,0.0,3.78e-06,experiments/logs/full_sft_mini.log
sft,2,2,14200,56608,70808,1.3587,1.3587,0.0,3.77e-06,experiments/logs/full_sft_mini.log
sft,2,2,14250,56608,70858,0.9761,0.9761,0.0,3.77e-06,experiments/logs/full_sft_mini.log
sft,2,2,14300,56608,70908,1.475,1.475,0.0,3.76e-06,experiments/logs/full_sft_mini.log
sft,2,2,14350,56608,70958,1.3673,1.3673,0.0,3.76e-06,experiments/logs/full_sft_mini.log
sft,2,2,14400,56608,71008,1.7367,1.7367,0.0,3.75e-06,experiments/logs/full_sft_mini.log
sft,2,2,14450,56608,71058,1.6025,1.6025,0.0,3.74e-06,experiments/logs/full_sft_mini.log
sft,2,2,14500,56608,71108,1.0384,1.0384,0.0,3.74e-06,experiments/logs/full_sft_mini.log
sft,2,2,14550,56608,71158,1.4368,1.4368,0.0,3.73e-06,experiments/logs/full_sft_mini.log
sft,2,2,14600,56608,71208,1.5165,1.5165,0.0,3.73e-06,experiments/logs/full_sft_mini.log
sft,2,2,14650,56608,71258,1.6291,1.6291,0.0,3.72e-06,experiments/logs/full_sft_mini.log
sft,2,2,14700,56608,71308,1.8294,1.8294,0.0,3.71e-06,experiments/logs/full_sft_mini.log
sft,2,2,14750,56608,71358,1.6898,1.6898,0.0,3.71e-06,experiments/logs/full_sft_mini.log
sft,2,2,14800,56608,71408,1.7512,1.7512,0.0,3.7e-06,experiments/logs/full_sft_mini.log
sft,2,2,14850,56608,71458,1.4234,1.4234,0.0,3.7e-06,experiments/logs/full_sft_mini.log
sft,2,2,14900,56608,71508,1.7965,1.7965,0.0,3.69e-06,experiments/logs/full_sft_mini.log
sft,2,2,14950,56608,71558,1.3579,1.3579,0.0,3.69e-06,experiments/logs/full_sft_mini.log
sft,2,2,15000,56608,71608,1.4082,1.4082,0.0,3.68e-06,experiments/logs/full_sft_mini.log
sft,2,2,15050,56608,71658,1.294,1.294,0.0,3.67e-06,experiments/logs/full_sft_mini.log
sft,2,2,15100,56608,71708,1.664,1.664,0.0,3.67e-06,experiments/logs/full_sft_mini.log
sft,2,2,15150,56608,71758,1.3857,1.3857,0.0,3.66e-06,experiments/logs/full_sft_mini.log
sft,2,2,15200,56608,71808,1.8498,1.8498,0.0,3.66e-06,experiments/logs/full_sft_mini.log
sft,2,2,15250,56608,71858,2.5112,2.5112,0.0,3.65e-06,experiments/logs/full_sft_mini.log
sft,2,2,15300,56608,71908,1.0375,1.0375,0.0,3.65e-06,experiments/logs/full_sft_mini.log
sft,2,2,15350,56608,71958,1.7095,1.7095,0.0,3.64e-06,experiments/logs/full_sft_mini.log
sft,2,2,15400,56608,72008,1.5181,1.5181,0.0,3.64e-06,experiments/logs/full_sft_mini.log
sft,2,2,15450,56608,72058,1.2835,1.2835,0.0,3.63e-06,experiments/logs/full_sft_mini.log
sft,2,2,15500,56608,72108,1.7162,1.7162,0.0,3.62e-06,experiments/logs/full_sft_mini.log
sft,2,2,15550,56608,72158,1.5063,1.5063,0.0,3.62e-06,experiments/logs/full_sft_mini.log
sft,2,2,15600,56608,72208,1.5322,1.5322,0.0,3.61e-06,experiments/logs/full_sft_mini.log
sft,2,2,15650,56608,72258,1.4194,1.4194,0.0,3.61e-06,experiments/logs/full_sft_mini.log
sft,2,2,15700,56608,72308,1.5756,1.5756,0.0,3.6e-06,experiments/logs/full_sft_mini.log
sft,2,2,15750,56608,72358,1.601,1.601,0.0,3.6e-06,experiments/logs/full_sft_mini.log
sft,2,2,15800,56608,72408,1.4989,1.4989,0.0,3.59e-06,experiments/logs/full_sft_mini.log
sft,2,2,15850,56608,72458,1.4742,1.4742,0.0,3.58e-06,experiments/logs/full_sft_mini.log
sft,2,2,15900,56608,72508,1.4343,1.4343,0.0,3.58e-06,experiments/logs/full_sft_mini.log
sft,2,2,15950,56608,72558,1.3624,1.3624,0.0,3.57e-06,experiments/logs/full_sft_mini.log
sft,2,2,16000,56608,72608,1.5491,1.5491,0.0,3.57e-06,experiments/logs/full_sft_mini.log
sft,2,2,16050,56608,72658,1.8519,1.8519,0.0,3.56e-06,experiments/logs/full_sft_mini.log
sft,2,2,16100,56608,72708,1.1505,1.1505,0.0,3.56e-06,experiments/logs/full_sft_mini.log
sft,2,2,16150,56608,72758,1.0556,1.0556,0.0,3.55e-06,experiments/logs/full_sft_mini.log
sft,2,2,16200,56608,72808,1.6872,1.6872,0.0,3.54e-06,experiments/logs/full_sft_mini.log
sft,2,2,16250,56608,72858,1.9593,1.9593,0.0,3.54e-06,experiments/logs/full_sft_mini.log
sft,2,2,16300,56608,72908,1.5837,1.5837,0.0,3.53e-06,experiments/logs/full_sft_mini.log
sft,2,2,16350,56608,72958,1.6516,1.6516,0.0,3.53e-06,experiments/logs/full_sft_mini.log
sft,2,2,16400,56608,73008,1.7661,1.7661,0.0,3.52e-06,experiments/logs/full_sft_mini.log
sft,2,2,16450,56608,73058,2.0047,2.0047,0.0,3.52e-06,experiments/logs/full_sft_mini.log
sft,2,2,16500,56608,73108,1.5306,1.5306,0.0,3.51e-06,experiments/logs/full_sft_mini.log
sft,2,2,16550,56608,73158,1.9943,1.9943,0.0,3.51e-06,experiments/logs/full_sft_mini.log
sft,2,2,16600,56608,73208,1.0946,1.0946,0.0,3.5e-06,experiments/logs/full_sft_mini.log
sft,2,2,16650,56608,73258,1.6415,1.6415,0.0,3.49e-06,experiments/logs/full_sft_mini.log
sft,2,2,16700,56608,73308,1.2405,1.2405,0.0,3.49e-06,experiments/logs/full_sft_mini.log
sft,2,2,16750,56608,73358,2.0646,2.0646,0.0,3.48e-06,experiments/logs/full_sft_mini.log
sft,2,2,16800,56608,73408,1.3078,1.3078,0.0,3.48e-06,experiments/logs/full_sft_mini.log
sft,2,2,16850,56608,73458,1.538,1.538,0.0,3.47e-06,experiments/logs/full_sft_mini.log
sft,2,2,16900,56608,73508,1.2541,1.2541,0.0,3.47e-06,experiments/logs/full_sft_mini.log
sft,2,2,16950,56608,73558,1.4586,1.4586,0.0,3.46e-06,experiments/logs/full_sft_mini.log
sft,2,2,17000,56608,73608,1.2764,1.2764,0.0,3.46e-06,experiments/logs/full_sft_mini.log
sft,2,2,17050,56608,73658,1.6684,1.6684,0.0,3.45e-06,experiments/logs/full_sft_mini.log
sft,2,2,17100,56608,73708,1.7946,1.7946,0.0,3.44e-06,experiments/logs/full_sft_mini.log
sft,2,2,17150,56608,73758,1.5969,1.5969,0.0,3.44e-06,experiments/logs/full_sft_mini.log
sft,2,2,17200,56608,73808,1.7287,1.7287,0.0,3.43e-06,experiments/logs/full_sft_mini.log
sft,2,2,17250,56608,73858,1.4112,1.4112,0.0,3.43e-06,experiments/logs/full_sft_mini.log
sft,2,2,17300,56608,73908,1.6519,1.6519,0.0,3.42e-06,experiments/logs/full_sft_mini.log
sft,2,2,17350,56608,73958,1.4425,1.4425,0.0,3.42e-06,experiments/logs/full_sft_mini.log
sft,2,2,17400,56608,74008,1.6937,1.6937,0.0,3.41e-06,experiments/logs/full_sft_mini.log
sft,2,2,17450,56608,74058,1.8877,1.8877,0.0,3.41e-06,experiments/logs/full_sft_mini.log
sft,2,2,17500,56608,74108,1.4047,1.4047,0.0,3.4e-06,experiments/logs/full_sft_mini.log
sft,2,2,17550,56608,74158,1.4229,1.4229,0.0,3.39e-06,experiments/logs/full_sft_mini.log
sft,2,2,17600,56608,74208,1.3808,1.3808,0.0,3.39e-06,experiments/logs/full_sft_mini.log
sft,2,2,17650,56608,74258,1.589,1.589,0.0,3.38e-06,experiments/logs/full_sft_mini.log
sft,2,2,17700,56608,74308,0.9888,0.9888,0.0,3.38e-06,experiments/logs/full_sft_mini.log
sft,2,2,17750,56608,74358,1.2915,1.2915,0.0,3.37e-06,experiments/logs/full_sft_mini.log
sft,2,2,17800,56608,74408,1.5037,1.5037,0.0,3.37e-06,experiments/logs/full_sft_mini.log
sft,2,2,17850,56608,74458,1.4169,1.4169,0.0,3.36e-06,experiments/logs/full_sft_mini.log
sft,2,2,17900,56608,74508,1.2678,1.2678,0.0,3.36e-06,experiments/logs/full_sft_mini.log
sft,2,2,17950,56608,74558,1.4339,1.4339,0.0,3.35e-06,experiments/logs/full_sft_mini.log
sft,2,2,18000,56608,74608,1.2395,1.2395,0.0,3.34e-06,experiments/logs/full_sft_mini.log
sft,2,2,18050,56608,74658,1.3971,1.3971,0.0,3.34e-06,experiments/logs/full_sft_mini.log
sft,2,2,18100,56608,74708,1.5757,1.5757,0.0,3.33e-06,experiments/logs/full_sft_mini.log
sft,2,2,18150,56608,74758,1.6276,1.6276,0.0,3.33e-06,experiments/logs/full_sft_mini.log
sft,2,2,18200,56608,74808,1.4921,1.4921,0.0,3.32e-06,experiments/logs/full_sft_mini.log
sft,2,2,18250,56608,74858,1.8346,1.8346,0.0,3.32e-06,experiments/logs/full_sft_mini.log
sft,2,2,18300,56608,74908,1.237,1.237,0.0,3.31e-06,experiments/logs/full_sft_mini.log
sft,2,2,18350,56608,74958,1.2422,1.2422,0.0,3.31e-06,experiments/logs/full_sft_mini.log
sft,2,2,18400,56608,75008,1.6954,1.6954,0.0,3.3e-06,experiments/logs/full_sft_mini.log
sft,2,2,18450,56608,75058,1.5898,1.5898,0.0,3.3e-06,experiments/logs/full_sft_mini.log
sft,2,2,18500,56608,75108,1.3714,1.3714,0.0,3.29e-06,experiments/logs/full_sft_mini.log
sft,2,2,18550,56608,75158,2.1307,2.1307,0.0,3.28e-06,experiments/logs/full_sft_mini.log
sft,2,2,18600,56608,75208,1.4078,1.4078,0.0,3.28e-06,experiments/logs/full_sft_mini.log
sft,2,2,18650,56608,75258,1.723,1.723,0.0,3.27e-06,experiments/logs/full_sft_mini.log
sft,2,2,18700,56608,75308,1.2761,1.2761,0.0,3.27e-06,experiments/logs/full_sft_mini.log
sft,2,2,18750,56608,75358,1.6899,1.6899,0.0,3.26e-06,experiments/logs/full_sft_mini.log
sft,2,2,18800,56608,75408,1.6148,1.6148,0.0,3.26e-06,experiments/logs/full_sft_mini.log
sft,2,2,18850,56608,75458,1.6779,1.6779,0.0,3.25e-06,experiments/logs/full_sft_mini.log
sft,2,2,18900,56608,75508,1.2448,1.2448,0.0,3.25e-06,experiments/logs/full_sft_mini.log
sft,2,2,18950,56608,75558,1.5843,1.5843,0.0,3.24e-06,experiments/logs/full_sft_mini.log
sft,2,2,19000,56608,75608,1.4228,1.4228,0.0,3.24e-06,experiments/logs/full_sft_mini.log
sft,2,2,19050,56608,75658,1.8943,1.8943,0.0,3.23e-06,experiments/logs/full_sft_mini.log
sft,2,2,19100,56608,75708,1.529,1.529,0.0,3.23e-06,experiments/logs/full_sft_mini.log
sft,2,2,19150,56608,75758,1.5185,1.5185,0.0,3.22e-06,experiments/logs/full_sft_mini.log
sft,2,2,19200,56608,75808,1.9032,1.9032,0.0,3.21e-06,experiments/logs/full_sft_mini.log
sft,2,2,19250,56608,75858,1.5964,1.5964,0.0,3.21e-06,experiments/logs/full_sft_mini.log
sft,2,2,19300,56608,75908,1.8201,1.8201,0.0,3.2e-06,experiments/logs/full_sft_mini.log
sft,2,2,19350,56608,75958,1.3343,1.3343,0.0,3.2e-06,experiments/logs/full_sft_mini.log
sft,2,2,19400,56608,76008,1.3631,1.3631,0.0,3.19e-06,experiments/logs/full_sft_mini.log
sft,2,2,19450,56608,76058,1.7777,1.7777,0.0,3.19e-06,experiments/logs/full_sft_mini.log
sft,2,2,19500,56608,76108,1.5264,1.5264,0.0,3.18e-06,experiments/logs/full_sft_mini.log
sft,2,2,19550,56608,76158,1.8415,1.8415,0.0,3.18e-06,experiments/logs/full_sft_mini.log
sft,2,2,19600,56608,76208,1.7525,1.7525,0.0,3.17e-06,experiments/logs/full_sft_mini.log
sft,2,2,19650,56608,76258,1.7421,1.7421,0.0,3.17e-06,experiments/logs/full_sft_mini.log
sft,2,2,19700,56608,76308,1.7896,1.7896,0.0,3.16e-06,experiments/logs/full_sft_mini.log
sft,2,2,19750,56608,76358,1.1905,1.1905,0.0,3.16e-06,experiments/logs/full_sft_mini.log
sft,2,2,19800,56608,76408,1.484,1.484,0.0,3.15e-06,experiments/logs/full_sft_mini.log
sft,2,2,19850,56608,76458,1.8098,1.8098,0.0,3.14e-06,experiments/logs/full_sft_mini.log
sft,2,2,19900,56608,76508,1.2052,1.2052,0.0,3.14e-06,experiments/logs/full_sft_mini.log
sft,2,2,19950,56608,76558,1.6091,1.6091,0.0,3.13e-06,experiments/logs/full_sft_mini.log
sft,2,2,20000,56608,76608,1.5276,1.5276,0.0,3.13e-06,experiments/logs/full_sft_mini.log
sft,2,2,20050,56608,76658,1.4365,1.4365,0.0,3.12e-06,experiments/logs/full_sft_mini.log
sft,2,2,20100,56608,76708,1.2344,1.2344,0.0,3.12e-06,experiments/logs/full_sft_mini.log
sft,2,2,20150,56608,76758,1.7768,1.7768,0.0,3.11e-06,experiments/logs/full_sft_mini.log
sft,2,2,20200,56608,76808,1.449,1.449,0.0,3.11e-06,experiments/logs/full_sft_mini.log
sft,2,2,20250,56608,76858,1.5208,1.5208,0.0,3.1e-06,experiments/logs/full_sft_mini.log
sft,2,2,20300,56608,76908,1.3427,1.3427,0.0,3.1e-06,experiments/logs/full_sft_mini.log
sft,2,2,20350,56608,76958,1.9642,1.9642,0.0,3.09e-06,experiments/logs/full_sft_mini.log
sft,2,2,20400,56608,77008,0.8636,0.8636,0.0,3.09e-06,experiments/logs/full_sft_mini.log
sft,2,2,20450,56608,77058,1.4544,1.4544,0.0,3.08e-06,experiments/logs/full_sft_mini.log
sft,2,2,20500,56608,77108,1.8028,1.8028,0.0,3.08e-06,experiments/logs/full_sft_mini.log
sft,2,2,20550,56608,77158,1.0638,1.0638,0.0,3.07e-06,experiments/logs/full_sft_mini.log
sft,2,2,20600,56608,77208,1.6262,1.6262,0.0,3.07e-06,experiments/logs/full_sft_mini.log
sft,2,2,20650,56608,77258,1.8693,1.8693,0.0,3.06e-06,experiments/logs/full_sft_mini.log
sft,2,2,20700,56608,77308,1.2212,1.2212,0.0,3.06e-06,experiments/logs/full_sft_mini.log
sft,2,2,20750,56608,77358,1.779,1.779,0.0,3.05e-06,experiments/logs/full_sft_mini.log
sft,2,2,20800,56608,77408,1.4825,1.4825,0.0,3.04e-06,experiments/logs/full_sft_mini.log
sft,2,2,20850,56608,77458,1.9348,1.9348,0.0,3.04e-06,experiments/logs/full_sft_mini.log
sft,2,2,20900,56608,77508,1.5423,1.5423,0.0,3.03e-06,experiments/logs/full_sft_mini.log
sft,2,2,20950,56608,77558,1.417,1.417,0.0,3.03e-06,experiments/logs/full_sft_mini.log
sft,2,2,21000,56608,77608,1.7657,1.7657,0.0,3.02e-06,experiments/logs/full_sft_mini.log
sft,2,2,21050,56608,77658,1.6757,1.6757,0.0,3.02e-06,experiments/logs/full_sft_mini.log
sft,2,2,21100,56608,77708,1.6732,1.6732,0.0,3.01e-06,experiments/logs/full_sft_mini.log
sft,2,2,21150,56608,77758,1.4975,1.4975,0.0,3.01e-06,experiments/logs/full_sft_mini.log
sft,2,2,21200,56608,77808,1.4891,1.4891,0.0,3e-06,experiments/logs/full_sft_mini.log
sft,2,2,21250,56608,77858,1.3872,1.3872,0.0,3e-06,experiments/logs/full_sft_mini.log
sft,2,2,21300,56608,77908,1.6198,1.6198,0.0,2.99e-06,experiments/logs/full_sft_mini.log
sft,2,2,21350,56608,77958,1.3899,1.3899,0.0,2.99e-06,experiments/logs/full_sft_mini.log
sft,2,2,21400,56608,78008,1.841,1.841,0.0,2.98e-06,experiments/logs/full_sft_mini.log
sft,2,2,21450,56608,78058,1.7331,1.7331,0.0,2.98e-06,experiments/logs/full_sft_mini.log
sft,2,2,21500,56608,78108,1.56,1.56,0.0,2.97e-06,experiments/logs/full_sft_mini.log
sft,2,2,21550,56608,78158,1.6497,1.6497,0.0,2.97e-06,experiments/logs/full_sft_mini.log
sft,2,2,21600,56608,78208,1.3649,1.3649,0.0,2.96e-06,experiments/logs/full_sft_mini.log
sft,2,2,21650,56608,78258,1.6903,1.6903,0.0,2.96e-06,experiments/logs/full_sft_mini.log
sft,2,2,21700,56608,78308,1.6237,1.6237,0.0,2.95e-06,experiments/logs/full_sft_mini.log
sft,2,2,21750,56608,78358,2.0672,2.0672,0.0,2.95e-06,experiments/logs/full_sft_mini.log
sft,2,2,21800,56608,78408,1.6581,1.6581,0.0,2.94e-06,experiments/logs/full_sft_mini.log
sft,2,2,21850,56608,78458,1.6232,1.6232,0.0,2.94e-06,experiments/logs/full_sft_mini.log
sft,2,2,21900,56608,78508,1.3391,1.3391,0.0,2.93e-06,experiments/logs/full_sft_mini.log
sft,2,2,21950,56608,78558,1.4418,1.4418,0.0,2.93e-06,experiments/logs/full_sft_mini.log
sft,2,2,22000,56608,78608,1.5841,1.5841,0.0,2.92e-06,experiments/logs/full_sft_mini.log
sft,2,2,22050,56608,78658,1.5472,1.5472,0.0,2.92e-06,experiments/logs/full_sft_mini.log
sft,2,2,22100,56608,78708,1.2514,1.2514,0.0,2.91e-06,experiments/logs/full_sft_mini.log
sft,2,2,22150,56608,78758,1.5497,1.5497,0.0,2.91e-06,experiments/logs/full_sft_mini.log
sft,2,2,22200,56608,78808,1.8245,1.8245,0.0,2.9e-06,experiments/logs/full_sft_mini.log
sft,2,2,22250,56608,78858,1.0688,1.0688,0.0,2.89e-06,experiments/logs/full_sft_mini.log
sft,2,2,22300,56608,78908,1.4268,1.4268,0.0,2.89e-06,experiments/logs/full_sft_mini.log
sft,2,2,22350,56608,78958,1.4443,1.4443,0.0,2.88e-06,experiments/logs/full_sft_mini.log
sft,2,2,22400,56608,79008,1.5691,1.5691,0.0,2.88e-06,experiments/logs/full_sft_mini.log
sft,2,2,22450,56608,79058,0.8746,0.8746,0.0,2.87e-06,experiments/logs/full_sft_mini.log
sft,2,2,22500,56608,79108,1.6054,1.6054,0.0,2.87e-06,experiments/logs/full_sft_mini.log
sft,2,2,22550,56608,79158,1.7766,1.7766,0.0,2.86e-06,experiments/logs/full_sft_mini.log
sft,2,2,22600,56608,79208,1.6254,1.6254,0.0,2.86e-06,experiments/logs/full_sft_mini.log
sft,2,2,22650,56608,79258,1.1495,1.1495,0.0,2.85e-06,experiments/logs/full_sft_mini.log
sft,2,2,22700,56608,79308,1.875,1.875,0.0,2.85e-06,experiments/logs/full_sft_mini.log
sft,2,2,22750,56608,79358,1.7515,1.7515,0.0,2.84e-06,experiments/logs/full_sft_mini.log
sft,2,2,22800,56608,79408,1.1134,1.1134,0.0,2.84e-06,experiments/logs/full_sft_mini.log
sft,2,2,22850,56608,79458,1.2665,1.2665,0.0,2.83e-06,experiments/logs/full_sft_mini.log
sft,2,2,22900,56608,79508,1.9456,1.9456,0.0,2.83e-06,experiments/logs/full_sft_mini.log
sft,2,2,22950,56608,79558,1.2103,1.2103,0.0,2.82e-06,experiments/logs/full_sft_mini.log
sft,2,2,23000,56608,79608,1.3124,1.3124,0.0,2.82e-06,experiments/logs/full_sft_mini.log
sft,2,2,23050,56608,79658,1.7036,1.7036,0.0,2.81e-06,experiments/logs/full_sft_mini.log
sft,2,2,23100,56608,79708,1.2275,1.2275,0.0,2.81e-06,experiments/logs/full_sft_mini.log
sft,2,2,23150,56608,79758,1.7453,1.7453,0.0,2.8e-06,experiments/logs/full_sft_mini.log
sft,2,2,23200,56608,79808,1.5244,1.5244,0.0,2.8e-06,experiments/logs/full_sft_mini.log
sft,2,2,23250,56608,79858,1.6398,1.6398,0.0,2.79e-06,experiments/logs/full_sft_mini.log
sft,2,2,23300,56608,79908,1.5591,1.5591,0.0,2.79e-06,experiments/logs/full_sft_mini.log
sft,2,2,23350,56608,79958,1.16,1.16,0.0,2.78e-06,experiments/logs/full_sft_mini.log
sft,2,2,23400,56608,80008,1.4061,1.4061,0.0,2.78e-06,experiments/logs/full_sft_mini.log
sft,2,2,23450,56608,80058,1.4676,1.4676,0.0,2.77e-06,experiments/logs/full_sft_mini.log
sft,2,2,23500,56608,80108,1.3538,1.3538,0.0,2.77e-06,experiments/logs/full_sft_mini.log
sft,2,2,23550,56608,80158,2.071,2.071,0.0,2.76e-06,experiments/logs/full_sft_mini.log
sft,2,2,23600,56608,80208,1.3552,1.3552,0.0,2.76e-06,experiments/logs/full_sft_mini.log
sft,2,2,23650,56608,80258,1.4523,1.4523,0.0,2.75e-06,experiments/logs/full_sft_mini.log
sft,2,2,23700,56608,80308,1.4307,1.4307,0.0,2.75e-06,experiments/logs/full_sft_mini.log
sft,2,2,23750,56608,80358,1.5116,1.5116,0.0,2.74e-06,experiments/logs/full_sft_mini.log
sft,2,2,23800,56608,80408,1.4211,1.4211,0.0,2.74e-06,experiments/logs/full_sft_mini.log
sft,2,2,23850,56608,80458,1.5195,1.5195,0.0,2.73e-06,experiments/logs/full_sft_mini.log
sft,2,2,23900,56608,80508,1.2443,1.2443,0.0,2.73e-06,experiments/logs/full_sft_mini.log
sft,2,2,23950,56608,80558,1.6259,1.6259,0.0,2.72e-06,experiments/logs/full_sft_mini.log
sft,2,2,24000,56608,80608,1.436,1.436,0.0,2.72e-06,experiments/logs/full_sft_mini.log
sft,2,2,24050,56608,80658,1.6784,1.6784,0.0,2.71e-06,experiments/logs/full_sft_mini.log
sft,2,2,24100,56608,80708,1.6608,1.6608,0.0,2.71e-06,experiments/logs/full_sft_mini.log
sft,2,2,24150,56608,80758,1.6401,1.6401,0.0,2.71e-06,experiments/logs/full_sft_mini.log
sft,2,2,24200,56608,80808,1.3819,1.3819,0.0,2.7e-06,experiments/logs/full_sft_mini.log
sft,2,2,24250,56608,80858,1.8307,1.8307,0.0,2.7e-06,experiments/logs/full_sft_mini.log
sft,2,2,24300,56608,80908,0.8498,0.8498,0.0,2.69e-06,experiments/logs/full_sft_mini.log
sft,2,2,24350,56608,80958,1.4077,1.4077,0.0,2.69e-06,experiments/logs/full_sft_mini.log
sft,2,2,24400,56608,81008,1.6238,1.6238,0.0,2.68e-06,experiments/logs/full_sft_mini.log
sft,2,2,24450,56608,81058,1.4855,1.4855,0.0,2.68e-06,experiments/logs/full_sft_mini.log
sft,2,2,24500,56608,81108,1.1838,1.1838,0.0,2.67e-06,experiments/logs/full_sft_mini.log
sft,2,2,24550,56608,81158,1.2807,1.2807,0.0,2.67e-06,experiments/logs/full_sft_mini.log
sft,2,2,24600,56608,81208,1.3202,1.3202,0.0,2.66e-06,experiments/logs/full_sft_mini.log
sft,2,2,24650,56608,81258,1.4807,1.4807,0.0,2.66e-06,experiments/logs/full_sft_mini.log
sft,2,2,24700,56608,81308,1.8571,1.8571,0.0,2.65e-06,experiments/logs/full_sft_mini.log
sft,2,2,24750,56608,81358,1.7416,1.7416,0.0,2.65e-06,experiments/logs/full_sft_mini.log
sft,2,2,24800,56608,81408,1.1165,1.1165,0.0,2.64e-06,experiments/logs/full_sft_mini.log
sft,2,2,24850,56608,81458,0.4037,0.4037,0.0,2.64e-06,experiments/logs/full_sft_mini.log
sft,2,2,24900,56608,81508,1.6197,1.6197,0.0,2.63e-06,experiments/logs/full_sft_mini.log
sft,2,2,24950,56608,81558,1.2557,1.2557,0.0,2.63e-06,experiments/logs/full_sft_mini.log
sft,2,2,25000,56608,81608,1.29,1.29,0.0,2.62e-06,experiments/logs/full_sft_mini.log
sft,2,2,25050,56608,81658,1.3841,1.3841,0.0,2.62e-06,experiments/logs/full_sft_mini.log
sft,2,2,25100,56608,81708,1.1322,1.1322,0.0,2.61e-06,experiments/logs/full_sft_mini.log
sft,2,2,25150,56608,81758,1.6419,1.6419,0.0,2.61e-06,experiments/logs/full_sft_mini.log
sft,2,2,25200,56608,81808,1.4191,1.4191,0.0,2.6e-06,experiments/logs/full_sft_mini.log
sft,2,2,25250,56608,81858,1.5953,1.5953,0.0,2.6e-06,experiments/logs/full_sft_mini.log
sft,2,2,25300,56608,81908,1.902,1.902,0.0,2.59e-06,experiments/logs/full_sft_mini.log
sft,2,2,25350,56608,81958,1.6295,1.6295,0.0,2.59e-06,experiments/logs/full_sft_mini.log
sft,2,2,25400,56608,82008,1.3561,1.3561,0.0,2.58e-06,experiments/logs/full_sft_mini.log
sft,2,2,25450,56608,82058,1.782,1.782,0.0,2.58e-06,experiments/logs/full_sft_mini.log
sft,2,2,25500,56608,82108,1.9055,1.9055,0.0,2.57e-06,experiments/logs/full_sft_mini.log
sft,2,2,25550,56608,82158,1.4195,1.4195,0.0,2.57e-06,experiments/logs/full_sft_mini.log
sft,2,2,25600,56608,82208,1.7597,1.7597,0.0,2.57e-06,experiments/logs/full_sft_mini.log
sft,2,2,25650,56608,82258,1.4164,1.4164,0.0,2.56e-06,experiments/logs/full_sft_mini.log
sft,2,2,25700,56608,82308,1.461,1.461,0.0,2.56e-06,experiments/logs/full_sft_mini.log
sft,2,2,25750,56608,82358,1.6874,1.6874,0.0,2.55e-06,experiments/logs/full_sft_mini.log
sft,2,2,25800,56608,82408,1.4986,1.4986,0.0,2.55e-06,experiments/logs/full_sft_mini.log
sft,2,2,25850,56608,82458,1.4416,1.4416,0.0,2.54e-06,experiments/logs/full_sft_mini.log
sft,2,2,25900,56608,82508,1.8257,1.8257,0.0,2.54e-06,experiments/logs/full_sft_mini.log
sft,2,2,25950,56608,82558,1.6547,1.6547,0.0,2.53e-06,experiments/logs/full_sft_mini.log
sft,2,2,26000,56608,82608,1.6382,1.6382,0.0,2.53e-06,experiments/logs/full_sft_mini.log
sft,2,2,26050,56608,82658,1.6278,1.6278,0.0,2.52e-06,experiments/logs/full_sft_mini.log
sft,2,2,26100,56608,82708,1.5724,1.5724,0.0,2.52e-06,experiments/logs/full_sft_mini.log
sft,2,2,26150,56608,82758,1.582,1.582,0.0,2.51e-06,experiments/logs/full_sft_mini.log
sft,2,2,26200,56608,82808,1.4977,1.4977,0.0,2.51e-06,experiments/logs/full_sft_mini.log
sft,2,2,26250,56608,82858,1.6091,1.6091,0.0,2.5e-06,experiments/logs/full_sft_mini.log
sft,2,2,26300,56608,82908,1.6167,1.6167,0.0,2.5e-06,experiments/logs/full_sft_mini.log
sft,2,2,26350,56608,82958,1.7588,1.7588,0.0,2.5e-06,experiments/logs/full_sft_mini.log
sft,2,2,26400,56608,83008,1.4477,1.4477,0.0,2.49e-06,experiments/logs/full_sft_mini.log
sft,2,2,26450,56608,83058,1.4657,1.4657,0.0,2.49e-06,experiments/logs/full_sft_mini.log
sft,2,2,26500,56608,83108,1.7979,1.7979,0.0,2.48e-06,experiments/logs/full_sft_mini.log
sft,2,2,26550,56608,83158,1.365,1.365,0.0,2.48e-06,experiments/logs/full_sft_mini.log
sft,2,2,26600,56608,83208,1.6181,1.6181,0.0,2.47e-06,experiments/logs/full_sft_mini.log
sft,2,2,26650,56608,83258,1.2749,1.2749,0.0,2.47e-06,experiments/logs/full_sft_mini.log
sft,2,2,26700,56608,83308,1.6072,1.6072,0.0,2.46e-06,experiments/logs/full_sft_mini.log
sft,2,2,26750,56608,83358,1.6217,1.6217,0.0,2.46e-06,experiments/logs/full_sft_mini.log
sft,2,2,26800,56608,83408,1.6772,1.6772,0.0,2.45e-06,experiments/logs/full_sft_mini.log
sft,2,2,26850,56608,83458,1.6855,1.6855,0.0,2.45e-06,experiments/logs/full_sft_mini.log
sft,2,2,26900,56608,83508,1.5063,1.5063,0.0,2.44e-06,experiments/logs/full_sft_mini.log
sft,2,2,26950,56608,83558,1.6065,1.6065,0.0,2.44e-06,experiments/logs/full_sft_mini.log
sft,2,2,27000,56608,83608,1.2485,1.2485,0.0,2.44e-06,experiments/logs/full_sft_mini.log
sft,2,2,27050,56608,83658,2.0289,2.0289,0.0,2.43e-06,experiments/logs/full_sft_mini.log
sft,2,2,27100,56608,83708,1.2644,1.2644,0.0,2.43e-06,experiments/logs/full_sft_mini.log
sft,2,2,27150,56608,83758,1.8717,1.8717,0.0,2.42e-06,experiments/logs/full_sft_mini.log
sft,2,2,27200,56608,83808,1.6811,1.6811,0.0,2.42e-06,experiments/logs/full_sft_mini.log
sft,2,2,27250,56608,83858,1.9233,1.9233,0.0,2.41e-06,experiments/logs/full_sft_mini.log
sft,2,2,27300,56608,83908,1.6293,1.6293,0.0,2.41e-06,experiments/logs/full_sft_mini.log
sft,2,2,27350,56608,83958,1.8776,1.8776,0.0,2.4e-06,experiments/logs/full_sft_mini.log
sft,2,2,27400,56608,84008,1.0502,1.0502,0.0,2.4e-06,experiments/logs/full_sft_mini.log
sft,2,2,27450,56608,84058,1.2446,1.2446,0.0,2.39e-06,experiments/logs/full_sft_mini.log
sft,2,2,27500,56608,84108,1.2747,1.2747,0.0,2.39e-06,experiments/logs/full_sft_mini.log
sft,2,2,27550,56608,84158,1.4941,1.4941,0.0,2.39e-06,experiments/logs/full_sft_mini.log
sft,2,2,27600,56608,84208,1.4819,1.4819,0.0,2.38e-06,experiments/logs/full_sft_mini.log
sft,2,2,27650,56608,84258,1.1044,1.1044,0.0,2.38e-06,experiments/logs/full_sft_mini.log
sft,2,2,27700,56608,84308,1.5147,1.5147,0.0,2.37e-06,experiments/logs/full_sft_mini.log
sft,2,2,27750,56608,84358,1.5459,1.5459,0.0,2.37e-06,experiments/logs/full_sft_mini.log
sft,2,2,27800,56608,84408,1.1843,1.1843,0.0,2.36e-06,experiments/logs/full_sft_mini.log
sft,2,2,27850,56608,84458,1.8698,1.8698,0.0,2.36e-06,experiments/logs/full_sft_mini.log
sft,2,2,27900,56608,84508,2.088,2.088,0.0,2.35e-06,experiments/logs/full_sft_mini.log
sft,2,2,27950,56608,84558,1.6584,1.6584,0.0,2.35e-06,experiments/logs/full_sft_mini.log
sft,2,2,28000,56608,84608,1.4059,1.4059,0.0,2.34e-06,experiments/logs/full_sft_mini.log
sft,2,2,28050,56608,84658,1.6716,1.6716,0.0,2.34e-06,experiments/logs/full_sft_mini.log
sft,2,2,28100,56608,84708,1.8744,1.8744,0.0,2.34e-06,experiments/logs/full_sft_mini.log
sft,2,2,28150,56608,84758,1.8141,1.8141,0.0,2.33e-06,experiments/logs/full_sft_mini.log
sft,2,2,28200,56608,84808,1.5484,1.5484,0.0,2.33e-06,experiments/logs/full_sft_mini.log
sft,2,2,28250,56608,84858,1.3049,1.3049,0.0,2.32e-06,experiments/logs/full_sft_mini.log
sft,2,2,28300,56608,84908,1.5059,1.5059,0.0,2.32e-06,experiments/logs/full_sft_mini.log
sft,2,2,28350,56608,84958,1.526,1.526,0.0,2.31e-06,experiments/logs/full_sft_mini.log
sft,2,2,28400,56608,85008,1.3448,1.3448,0.0,2.31e-06,experiments/logs/full_sft_mini.log
sft,2,2,28450,56608,85058,1.9991,1.9991,0.0,2.31e-06,experiments/logs/full_sft_mini.log
sft,2,2,28500,56608,85108,1.4166,1.4166,0.0,2.3e-06,experiments/logs/full_sft_mini.log
sft,2,2,28550,56608,85158,1.7506,1.7506,0.0,2.3e-06,experiments/logs/full_sft_mini.log
sft,2,2,28600,56608,85208,1.9832,1.9832,0.0,2.29e-06,experiments/logs/full_sft_mini.log
sft,2,2,28650,56608,85258,1.4311,1.4311,0.0,2.29e-06,experiments/logs/full_sft_mini.log
sft,2,2,28700,56608,85308,1.7856,1.7856,0.0,2.28e-06,experiments/logs/full_sft_mini.log
sft,2,2,28750,56608,85358,1.8944,1.8944,0.0,2.28e-06,experiments/logs/full_sft_mini.log
sft,2,2,28800,56608,85408,1.4825,1.4825,0.0,2.27e-06,experiments/logs/full_sft_mini.log
sft,2,2,28850,56608,85458,1.912,1.912,0.0,2.27e-06,experiments/logs/full_sft_mini.log
sft,2,2,28900,56608,85508,1.6095,1.6095,0.0,2.27e-06,experiments/logs/full_sft_mini.log
sft,2,2,28950,56608,85558,1.5687,1.5687,0.0,2.26e-06,experiments/logs/full_sft_mini.log
sft,2,2,29000,56608,85608,1.3543,1.3543,0.0,2.26e-06,experiments/logs/full_sft_mini.log
sft,2,2,29050,56608,85658,1.8998,1.8998,0.0,2.25e-06,experiments/logs/full_sft_mini.log
sft,2,2,29100,56608,85708,1.6433,1.6433,0.0,2.25e-06,experiments/logs/full_sft_mini.log
sft,2,2,29150,56608,85758,1.7217,1.7217,0.0,2.24e-06,experiments/logs/full_sft_mini.log
sft,2,2,29200,56608,85808,1.398,1.398,0.0,2.24e-06,experiments/logs/full_sft_mini.log
sft,2,2,29250,56608,85858,1.6104,1.6104,0.0,2.24e-06,experiments/logs/full_sft_mini.log
sft,2,2,29300,56608,85908,1.4226,1.4226,0.0,2.23e-06,experiments/logs/full_sft_mini.log
sft,2,2,29350,56608,85958,1.7879,1.7879,0.0,2.23e-06,experiments/logs/full_sft_mini.log
sft,2,2,29400,56608,86008,1.6904,1.6904,0.0,2.22e-06,experiments/logs/full_sft_mini.log
sft,2,2,29450,56608,86058,1.7117,1.7117,0.0,2.22e-06,experiments/logs/full_sft_mini.log
sft,2,2,29500,56608,86108,1.5165,1.5165,0.0,2.21e-06,experiments/logs/full_sft_mini.log
sft,2,2,29550,56608,86158,1.2157,1.2157,0.0,2.21e-06,experiments/logs/full_sft_mini.log
sft,2,2,29600,56608,86208,1.5097,1.5097,0.0,2.21e-06,experiments/logs/full_sft_mini.log
sft,2,2,29650,56608,86258,1.6812,1.6812,0.0,2.2e-06,experiments/logs/full_sft_mini.log
sft,2,2,29700,56608,86308,1.4696,1.4696,0.0,2.2e-06,experiments/logs/full_sft_mini.log
sft,2,2,29750,56608,86358,1.5862,1.5862,0.0,2.19e-06,experiments/logs/full_sft_mini.log
sft,2,2,29800,56608,86408,1.4741,1.4741,0.0,2.19e-06,experiments/logs/full_sft_mini.log
sft,2,2,29850,56608,86458,1.7383,1.7383,0.0,2.18e-06,experiments/logs/full_sft_mini.log
sft,2,2,29900,56608,86508,0.8643,0.8643,0.0,2.18e-06,experiments/logs/full_sft_mini.log
sft,2,2,29950,56608,86558,1.2448,1.2448,0.0,2.18e-06,experiments/logs/full_sft_mini.log
sft,2,2,30000,56608,86608,1.5635,1.5635,0.0,2.17e-06,experiments/logs/full_sft_mini.log
sft,2,2,30050,56608,86658,1.5874,1.5874,0.0,2.17e-06,experiments/logs/full_sft_mini.log
sft,2,2,30100,56608,86708,2.0319,2.0319,0.0,2.16e-06,experiments/logs/full_sft_mini.log
sft,2,2,30150,56608,86758,1.7385,1.7385,0.0,2.16e-06,experiments/logs/full_sft_mini.log
sft,2,2,30200,56608,86808,1.6116,1.6116,0.0,2.16e-06,experiments/logs/full_sft_mini.log
sft,2,2,30250,56608,86858,1.301,1.301,0.0,2.15e-06,experiments/logs/full_sft_mini.log
sft,2,2,30300,56608,86908,1.5991,1.5991,0.0,2.15e-06,experiments/logs/full_sft_mini.log
sft,2,2,30350,56608,86958,1.2642,1.2642,0.0,2.14e-06,experiments/logs/full_sft_mini.log
sft,2,2,30400,56608,87008,1.3026,1.3026,0.0,2.14e-06,experiments/logs/full_sft_mini.log
sft,2,2,30450,56608,87058,1.8392,1.8392,0.0,2.13e-06,experiments/logs/full_sft_mini.log
sft,2,2,30500,56608,87108,1.4349,1.4349,0.0,2.13e-06,experiments/logs/full_sft_mini.log
sft,2,2,30550,56608,87158,1.3864,1.3864,0.0,2.13e-06,experiments/logs/full_sft_mini.log
sft,2,2,30600,56608,87208,1.3495,1.3495,0.0,2.12e-06,experiments/logs/full_sft_mini.log
sft,2,2,30650,56608,87258,1.1079,1.1079,0.0,2.12e-06,experiments/logs/full_sft_mini.log
sft,2,2,30700,56608,87308,1.4567,1.4567,0.0,2.11e-06,experiments/logs/full_sft_mini.log
sft,2,2,30750,56608,87358,1.7637,1.7637,0.0,2.11e-06,experiments/logs/full_sft_mini.log
sft,2,2,30800,56608,87408,2.3147,2.3147,0.0,2.11e-06,experiments/logs/full_sft_mini.log
sft,2,2,30850,56608,87458,1.4237,1.4237,0.0,2.1e-06,experiments/logs/full_sft_mini.log
sft,2,2,30900,56608,87508,1.378,1.378,0.0,2.1e-06,experiments/logs/full_sft_mini.log
sft,2,2,30950,56608,87558,1.2058,1.2058,0.0,2.09e-06,experiments/logs/full_sft_mini.log
sft,2,2,31000,56608,87608,1.6273,1.6273,0.0,2.09e-06,experiments/logs/full_sft_mini.log
sft,2,2,31050,56608,87658,1.486,1.486,0.0,2.09e-06,experiments/logs/full_sft_mini.log
sft,2,2,31100,56608,87708,1.7175,1.7175,0.0,2.08e-06,experiments/logs/full_sft_mini.log
sft,2,2,31150,56608,87758,1.5282,1.5282,0.0,2.08e-06,experiments/logs/full_sft_mini.log
sft,2,2,31200,56608,87808,1.9594,1.9594,0.0,2.07e-06,experiments/logs/full_sft_mini.log
sft,2,2,31250,56608,87858,1.2607,1.2607,0.0,2.07e-06,experiments/logs/full_sft_mini.log
sft,2,2,31300,56608,87908,1.4961,1.4961,0.0,2.06e-06,experiments/logs/full_sft_mini.log
sft,2,2,31350,56608,87958,2.0122,2.0122,0.0,2.06e-06,experiments/logs/full_sft_mini.log
sft,2,2,31400,56608,88008,1.7919,1.7919,0.0,2.06e-06,experiments/logs/full_sft_mini.log
sft,2,2,31450,56608,88058,1.6697,1.6697,0.0,2.05e-06,experiments/logs/full_sft_mini.log
sft,2,2,31500,56608,88108,1.8257,1.8257,0.0,2.05e-06,experiments/logs/full_sft_mini.log
sft,2,2,31550,56608,88158,1.3921,1.3921,0.0,2.04e-06,experiments/logs/full_sft_mini.log
sft,2,2,31600,56608,88208,1.2589,1.2589,0.0,2.04e-06,experiments/logs/full_sft_mini.log
sft,2,2,31650,56608,88258,0.8489,0.8489,0.0,2.04e-06,experiments/logs/full_sft_mini.log
sft,2,2,31700,56608,88308,1.4359,1.4359,0.0,2.03e-06,experiments/logs/full_sft_mini.log
sft,2,2,31750,56608,88358,1.3377,1.3377,0.0,2.03e-06,experiments/logs/full_sft_mini.log
sft,2,2,31800,56608,88408,1.4308,1.4308,0.0,2.02e-06,experiments/logs/full_sft_mini.log
sft,2,2,31850,56608,88458,1.7168,1.7168,0.0,2.02e-06,experiments/logs/full_sft_mini.log
sft,2,2,31900,56608,88508,1.7476,1.7476,0.0,2.02e-06,experiments/logs/full_sft_mini.log
sft,2,2,31950,56608,88558,1.5691,1.5691,0.0,2.01e-06,experiments/logs/full_sft_mini.log
sft,2,2,32000,56608,88608,1.5142,1.5142,0.0,2.01e-06,experiments/logs/full_sft_mini.log
sft,2,2,32050,56608,88658,1.8482,1.8482,0.0,2.01e-06,experiments/logs/full_sft_mini.log
sft,2,2,32100,56608,88708,1.782,1.782,0.0,2e-06,experiments/logs/full_sft_mini.log
sft,2,2,32150,56608,88758,1.4191,1.4191,0.0,2e-06,experiments/logs/full_sft_mini.log
sft,2,2,32200,56608,88808,1.174,1.174,0.0,1.99e-06,experiments/logs/full_sft_mini.log
sft,2,2,32250,56608,88858,1.3728,1.3728,0.0,1.99e-06,experiments/logs/full_sft_mini.log
sft,2,2,32300,56608,88908,0.8274,0.8274,0.0,1.99e-06,experiments/logs/full_sft_mini.log
sft,2,2,32350,56608,88958,1.4914,1.4914,0.0,1.98e-06,experiments/logs/full_sft_mini.log
sft,2,2,32400,56608,89008,1.954,1.954,0.0,1.98e-06,experiments/logs/full_sft_mini.log
sft,2,2,32450,56608,89058,1.4735,1.4735,0.0,1.97e-06,experiments/logs/full_sft_mini.log
sft,2,2,32500,56608,89108,1.4631,1.4631,0.0,1.97e-06,experiments/logs/full_sft_mini.log
sft,2,2,32550,56608,89158,1.5207,1.5207,0.0,1.97e-06,experiments/logs/full_sft_mini.log
sft,2,2,32600,56608,89208,1.6947,1.6947,0.0,1.96e-06,experiments/logs/full_sft_mini.log
sft,2,2,32650,56608,89258,1.3626,1.3626,0.0,1.96e-06,experiments/logs/full_sft_mini.log
sft,2,2,32700,56608,89308,1.8485,1.8485,0.0,1.95e-06,experiments/logs/full_sft_mini.log
sft,2,2,32750,56608,89358,1.5538,1.5538,0.0,1.95e-06,experiments/logs/full_sft_mini.log
sft,2,2,32800,56608,89408,1.6114,1.6114,0.0,1.95e-06,experiments/logs/full_sft_mini.log
sft,2,2,32850,56608,89458,2.0424,2.0424,0.0,1.94e-06,experiments/logs/full_sft_mini.log
sft,2,2,32900,56608,89508,1.164,1.164,0.0,1.94e-06,experiments/logs/full_sft_mini.log
sft,2,2,32950,56608,89558,1.7083,1.7083,0.0,1.94e-06,experiments/logs/full_sft_mini.log
sft,2,2,33000,56608,89608,1.5654,1.5654,0.0,1.93e-06,experiments/logs/full_sft_mini.log
sft,2,2,33050,56608,89658,1.7581,1.7581,0.0,1.93e-06,experiments/logs/full_sft_mini.log
sft,2,2,33100,56608,89708,1.1969,1.1969,0.0,1.92e-06,experiments/logs/full_sft_mini.log
sft,2,2,33150,56608,89758,1.3099,1.3099,0.0,1.92e-06,experiments/logs/full_sft_mini.log
sft,2,2,33200,56608,89808,1.7404,1.7404,0.0,1.92e-06,experiments/logs/full_sft_mini.log
sft,2,2,33250,56608,89858,1.5592,1.5592,0.0,1.91e-06,experiments/logs/full_sft_mini.log
sft,2,2,33300,56608,89908,1.7333,1.7333,0.0,1.91e-06,experiments/logs/full_sft_mini.log
sft,2,2,33350,56608,89958,1.1699,1.1699,0.0,1.91e-06,experiments/logs/full_sft_mini.log
sft,2,2,33400,56608,90008,1.4304,1.4304,0.0,1.9e-06,experiments/logs/full_sft_mini.log
sft,2,2,33450,56608,90058,1.2071,1.2071,0.0,1.9e-06,experiments/logs/full_sft_mini.log
sft,2,2,33500,56608,90108,1.5607,1.5607,0.0,1.89e-06,experiments/logs/full_sft_mini.log
sft,2,2,33550,56608,90158,1.7331,1.7331,0.0,1.89e-06,experiments/logs/full_sft_mini.log
sft,2,2,33600,56608,90208,1.7004,1.7004,0.0,1.89e-06,experiments/logs/full_sft_mini.log
sft,2,2,33650,56608,90258,1.6084,1.6084,0.0,1.88e-06,experiments/logs/full_sft_mini.log
sft,2,2,33700,56608,90308,1.6926,1.6926,0.0,1.88e-06,experiments/logs/full_sft_mini.log
sft,2,2,33750,56608,90358,1.6541,1.6541,0.0,1.88e-06,experiments/logs/full_sft_mini.log
sft,2,2,33800,56608,90408,1.5208,1.5208,0.0,1.87e-06,experiments/logs/full_sft_mini.log
sft,2,2,33850,56608,90458,1.8876,1.8876,0.0,1.87e-06,experiments/logs/full_sft_mini.log
sft,2,2,33900,56608,90508,1.6141,1.6141,0.0,1.86e-06,experiments/logs/full_sft_mini.log
sft,2,2,33950,56608,90558,1.3781,1.3781,0.0,1.86e-06,experiments/logs/full_sft_mini.log
sft,2,2,34000,56608,90608,1.366,1.366,0.0,1.86e-06,experiments/logs/full_sft_mini.log
sft,2,2,34050,56608,90658,1.2637,1.2637,0.0,1.85e-06,experiments/logs/full_sft_mini.log
sft,2,2,34100,56608,90708,2.0553,2.0553,0.0,1.85e-06,experiments/logs/full_sft_mini.log
sft,2,2,34150,56608,90758,1.5168,1.5168,0.0,1.85e-06,experiments/logs/full_sft_mini.log
sft,2,2,34200,56608,90808,1.304,1.304,0.0,1.84e-06,experiments/logs/full_sft_mini.log
sft,2,2,34250,56608,90858,1.415,1.415,0.0,1.84e-06,experiments/logs/full_sft_mini.log
sft,2,2,34300,56608,90908,1.9411,1.9411,0.0,1.83e-06,experiments/logs/full_sft_mini.log
sft,2,2,34350,56608,90958,1.4375,1.4375,0.0,1.83e-06,experiments/logs/full_sft_mini.log
sft,2,2,34400,56608,91008,1.4821,1.4821,0.0,1.83e-06,experiments/logs/full_sft_mini.log
sft,2,2,34450,56608,91058,1.474,1.474,0.0,1.82e-06,experiments/logs/full_sft_mini.log
sft,2,2,34500,56608,91108,1.4661,1.4661,0.0,1.82e-06,experiments/logs/full_sft_mini.log
sft,2,2,34550,56608,91158,1.7336,1.7336,0.0,1.82e-06,experiments/logs/full_sft_mini.log
sft,2,2,34600,56608,91208,1.5289,1.5289,0.0,1.81e-06,experiments/logs/full_sft_mini.log
sft,2,2,34650,56608,91258,1.2278,1.2278,0.0,1.81e-06,experiments/logs/full_sft_mini.log
sft,2,2,34700,56608,91308,1.9541,1.9541,0.0,1.81e-06,experiments/logs/full_sft_mini.log
sft,2,2,34750,56608,91358,1.5638,1.5638,0.0,1.8e-06,experiments/logs/full_sft_mini.log
sft,2,2,34800,56608,91408,1.7654,1.7654,0.0,1.8e-06,experiments/logs/full_sft_mini.log
sft,2,2,34850,56608,91458,1.3303,1.3303,0.0,1.8e-06,experiments/logs/full_sft_mini.log
sft,2,2,34900,56608,91508,1.422,1.422,0.0,1.79e-06,experiments/logs/full_sft_mini.log
sft,2,2,34950,56608,91558,2.0095,2.0095,0.0,1.79e-06,experiments/logs/full_sft_mini.log
sft,2,2,35000,56608,91608,2.1989,2.1989,0.0,1.78e-06,experiments/logs/full_sft_mini.log
sft,2,2,35050,56608,91658,1.7663,1.7663,0.0,1.78e-06,experiments/logs/full_sft_mini.log
sft,2,2,35100,56608,91708,1.3218,1.3218,0.0,1.78e-06,experiments/logs/full_sft_mini.log
sft,2,2,35150,56608,91758,1.7973,1.7973,0.0,1.77e-06,experiments/logs/full_sft_mini.log
sft,2,2,35200,56608,91808,1.6174,1.6174,0.0,1.77e-06,experiments/logs/full_sft_mini.log
sft,2,2,35250,56608,91858,1.7862,1.7862,0.0,1.77e-06,experiments/logs/full_sft_mini.log
sft,2,2,35300,56608,91908,1.2151,1.2151,0.0,1.76e-06,experiments/logs/full_sft_mini.log
sft,2,2,35350,56608,91958,1.0256,1.0256,0.0,1.76e-06,experiments/logs/full_sft_mini.log
sft,2,2,35400,56608,92008,1.6317,1.6317,0.0,1.76e-06,experiments/logs/full_sft_mini.log
sft,2,2,35450,56608,92058,1.1089,1.1089,0.0,1.75e-06,experiments/logs/full_sft_mini.log
sft,2,2,35500,56608,92108,1.7836,1.7836,0.0,1.75e-06,experiments/logs/full_sft_mini.log
sft,2,2,35550,56608,92158,1.5165,1.5165,0.0,1.75e-06,experiments/logs/full_sft_mini.log
sft,2,2,35600,56608,92208,1.378,1.378,0.0,1.74e-06,experiments/logs/full_sft_mini.log
sft,2,2,35650,56608,92258,1.4863,1.4863,0.0,1.74e-06,experiments/logs/full_sft_mini.log
sft,2,2,35700,56608,92308,2.2957,2.2957,0.0,1.74e-06,experiments/logs/full_sft_mini.log
sft,2,2,35750,56608,92358,0.908,0.908,0.0,1.73e-06,experiments/logs/full_sft_mini.log
sft,2,2,35800,56608,92408,2.0427,2.0427,0.0,1.73e-06,experiments/logs/full_sft_mini.log
sft,2,2,35850,56608,92458,1.3611,1.3611,0.0,1.73e-06,experiments/logs/full_sft_mini.log
sft,2,2,35900,56608,92508,1.6917,1.6917,0.0,1.72e-06,experiments/logs/full_sft_mini.log
sft,2,2,35950,56608,92558,1.1837,1.1837,0.0,1.72e-06,experiments/logs/full_sft_mini.log
sft,2,2,36000,56608,92608,1.6284,1.6284,0.0,1.72e-06,experiments/logs/full_sft_mini.log
sft,2,2,36050,56608,92658,1.4673,1.4673,0.0,1.71e-06,experiments/logs/full_sft_mini.log
sft,2,2,36100,56608,92708,1.6976,1.6976,0.0,1.71e-06,experiments/logs/full_sft_mini.log
sft,2,2,36150,56608,92758,1.4325,1.4325,0.0,1.71e-06,experiments/logs/full_sft_mini.log
sft,2,2,36200,56608,92808,1.4628,1.4628,0.0,1.7e-06,experiments/logs/full_sft_mini.log
sft,2,2,36250,56608,92858,1.5063,1.5063,0.0,1.7e-06,experiments/logs/full_sft_mini.log
sft,2,2,36300,56608,92908,1.5283,1.5283,0.0,1.7e-06,experiments/logs/full_sft_mini.log
sft,2,2,36350,56608,92958,1.2221,1.2221,0.0,1.69e-06,experiments/logs/full_sft_mini.log
sft,2,2,36400,56608,93008,1.7491,1.7491,0.0,1.69e-06,experiments/logs/full_sft_mini.log
sft,2,2,36450,56608,93058,1.2679,1.2679,0.0,1.69e-06,experiments/logs/full_sft_mini.log
sft,2,2,36500,56608,93108,1.5447,1.5447,0.0,1.68e-06,experiments/logs/full_sft_mini.log
sft,2,2,36550,56608,93158,1.2645,1.2645,0.0,1.68e-06,experiments/logs/full_sft_mini.log
sft,2,2,36600,56608,93208,1.6478,1.6478,0.0,1.68e-06,experiments/logs/full_sft_mini.log
sft,2,2,36650,56608,93258,1.4514,1.4514,0.0,1.67e-06,experiments/logs/full_sft_mini.log
sft,2,2,36700,56608,93308,1.6935,1.6935,0.0,1.67e-06,experiments/logs/full_sft_mini.log
sft,2,2,36750,56608,93358,1.2586,1.2586,0.0,1.67e-06,experiments/logs/full_sft_mini.log
sft,2,2,36800,56608,93408,1.3544,1.3544,0.0,1.66e-06,experiments/logs/full_sft_mini.log
sft,2,2,36850,56608,93458,1.6361,1.6361,0.0,1.66e-06,experiments/logs/full_sft_mini.log
sft,2,2,36900,56608,93508,1.443,1.443,0.0,1.66e-06,experiments/logs/full_sft_mini.log
sft,2,2,36950,56608,93558,1.009,1.009,0.0,1.65e-06,experiments/logs/full_sft_mini.log
sft,2,2,37000,56608,93608,1.3136,1.3136,0.0,1.65e-06,experiments/logs/full_sft_mini.log
sft,2,2,37050,56608,93658,1.2973,1.2973,0.0,1.65e-06,experiments/logs/full_sft_mini.log
sft,2,2,37100,56608,93708,1.1227,1.1227,0.0,1.64e-06,experiments/logs/full_sft_mini.log
sft,2,2,37150,56608,93758,1.6505,1.6505,0.0,1.64e-06,experiments/logs/full_sft_mini.log
sft,2,2,37200,56608,93808,1.5723,1.5723,0.0,1.64e-06,experiments/logs/full_sft_mini.log
sft,2,2,37250,56608,93858,1.4237,1.4237,0.0,1.63e-06,experiments/logs/full_sft_mini.log
sft,2,2,37300,56608,93908,1.4833,1.4833,0.0,1.63e-06,experiments/logs/full_sft_mini.log
sft,2,2,37350,56608,93958,1.5307,1.5307,0.0,1.63e-06,experiments/logs/full_sft_mini.log
sft,2,2,37400,56608,94008,2.1621,2.1621,0.0,1.62e-06,experiments/logs/full_sft_mini.log
sft,2,2,37450,56608,94058,1.2026,1.2026,0.0,1.62e-06,experiments/logs/full_sft_mini.log
sft,2,2,37500,56608,94108,1.3501,1.3501,0.0,1.62e-06,experiments/logs/full_sft_mini.log
sft,2,2,37550,56608,94158,1.3428,1.3428,0.0,1.61e-06,experiments/logs/full_sft_mini.log
sft,2,2,37600,56608,94208,1.5895,1.5895,0.0,1.61e-06,experiments/logs/full_sft_mini.log
sft,2,2,37650,56608,94258,1.4374,1.4374,0.0,1.61e-06,experiments/logs/full_sft_mini.log
sft,2,2,37700,56608,94308,1.1649,1.1649,0.0,1.61e-06,experiments/logs/full_sft_mini.log
sft,2,2,37750,56608,94358,1.5748,1.5748,0.0,1.6e-06,experiments/logs/full_sft_mini.log
sft,2,2,37800,56608,94408,1.7396,1.7396,0.0,1.6e-06,experiments/logs/full_sft_mini.log
sft,2,2,37850,56608,94458,1.8563,1.8563,0.0,1.6e-06,experiments/logs/full_sft_mini.log
sft,2,2,37900,56608,94508,1.5291,1.5291,0.0,1.59e-06,experiments/logs/full_sft_mini.log
sft,2,2,37950,56608,94558,2.0054,2.0054,0.0,1.59e-06,experiments/logs/full_sft_mini.log
sft,2,2,38000,56608,94608,1.4557,1.4557,0.0,1.59e-06,experiments/logs/full_sft_mini.log
sft,2,2,38050,56608,94658,1.4046,1.4046,0.0,1.58e-06,experiments/logs/full_sft_mini.log
sft,2,2,38100,56608,94708,1.3956,1.3956,0.0,1.58e-06,experiments/logs/full_sft_mini.log
sft,2,2,38150,56608,94758,1.4381,1.4381,0.0,1.58e-06,experiments/logs/full_sft_mini.log
sft,2,2,38200,56608,94808,1.8238,1.8238,0.0,1.57e-06,experiments/logs/full_sft_mini.log
sft,2,2,38250,56608,94858,1.3054,1.3054,0.0,1.57e-06,experiments/logs/full_sft_mini.log
sft,2,2,38300,56608,94908,1.4802,1.4802,0.0,1.57e-06,experiments/logs/full_sft_mini.log
sft,2,2,38350,56608,94958,1.7667,1.7667,0.0,1.57e-06,experiments/logs/full_sft_mini.log
sft,2,2,38400,56608,95008,1.4377,1.4377,0.0,1.56e-06,experiments/logs/full_sft_mini.log
sft,2,2,38450,56608,95058,1.3693,1.3693,0.0,1.56e-06,experiments/logs/full_sft_mini.log
sft,2,2,38500,56608,95108,1.8926,1.8926,0.0,1.56e-06,experiments/logs/full_sft_mini.log
sft,2,2,38550,56608,95158,1.7201,1.7201,0.0,1.55e-06,experiments/logs/full_sft_mini.log
sft,2,2,38600,56608,95208,1.5863,1.5863,0.0,1.55e-06,experiments/logs/full_sft_mini.log
sft,2,2,38650,56608,95258,1.4679,1.4679,0.0,1.55e-06,experiments/logs/full_sft_mini.log
sft,2,2,38700,56608,95308,1.7397,1.7397,0.0,1.54e-06,experiments/logs/full_sft_mini.log
sft,2,2,38750,56608,95358,1.215,1.215,0.0,1.54e-06,experiments/logs/full_sft_mini.log
sft,2,2,38800,56608,95408,1.6295,1.6295,0.0,1.54e-06,experiments/logs/full_sft_mini.log
sft,2,2,38850,56608,95458,1.3478,1.3478,0.0,1.54e-06,experiments/logs/full_sft_mini.log
sft,2,2,38900,56608,95508,1.2257,1.2257,0.0,1.53e-06,experiments/logs/full_sft_mini.log
sft,2,2,38950,56608,95558,1.4304,1.4304,0.0,1.53e-06,experiments/logs/full_sft_mini.log
sft,2,2,39000,56608,95608,1.409,1.409,0.0,1.53e-06,experiments/logs/full_sft_mini.log
sft,2,2,39050,56608,95658,1.9286,1.9286,0.0,1.52e-06,experiments/logs/full_sft_mini.log
sft,2,2,39100,56608,95708,1.2607,1.2607,0.0,1.52e-06,experiments/logs/full_sft_mini.log
sft,2,2,39150,56608,95758,1.3838,1.3838,0.0,1.52e-06,experiments/logs/full_sft_mini.log
sft,2,2,39200,56608,95808,1.1652,1.1652,0.0,1.51e-06,experiments/logs/full_sft_mini.log
sft,2,2,39250,56608,95858,1.7403,1.7403,0.0,1.51e-06,experiments/logs/full_sft_mini.log
sft,2,2,39300,56608,95908,1.4461,1.4461,0.0,1.51e-06,experiments/logs/full_sft_mini.log
sft,2,2,39350,56608,95958,1.6248,1.6248,0.0,1.51e-06,experiments/logs/full_sft_mini.log
sft,2,2,39400,56608,96008,1.5334,1.5334,0.0,1.5e-06,experiments/logs/full_sft_mini.log
sft,2,2,39450,56608,96058,1.3463,1.3463,0.0,1.5e-06,experiments/logs/full_sft_mini.log
sft,2,2,39500,56608,96108,1.367,1.367,0.0,1.5e-06,experiments/logs/full_sft_mini.log
sft,2,2,39550,56608,96158,1.267,1.267,0.0,1.49e-06,experiments/logs/full_sft_mini.log
sft,2,2,39600,56608,96208,1.5157,1.5157,0.0,1.49e-06,experiments/logs/full_sft_mini.log
sft,2,2,39650,56608,96258,1.4322,1.4322,0.0,1.49e-06,experiments/logs/full_sft_mini.log
sft,2,2,39700,56608,96308,1.4342,1.4342,0.0,1.49e-06,experiments/logs/full_sft_mini.log
sft,2,2,39750,56608,96358,1.3182,1.3182,0.0,1.48e-06,experiments/logs/full_sft_mini.log
sft,2,2,39800,56608,96408,1.4537,1.4537,0.0,1.48e-06,experiments/logs/full_sft_mini.log
sft,2,2,39850,56608,96458,1.7533,1.7533,0.0,1.48e-06,experiments/logs/full_sft_mini.log
sft,2,2,39900,56608,96508,1.515,1.515,0.0,1.48e-06,experiments/logs/full_sft_mini.log
sft,2,2,39950,56608,96558,1.8696,1.8696,0.0,1.47e-06,experiments/logs/full_sft_mini.log
sft,2,2,40000,56608,96608,1.0193,1.0193,0.0,1.47e-06,experiments/logs/full_sft_mini.log
sft,2,2,40050,56608,96658,0.8856,0.8856,0.0,1.47e-06,experiments/logs/full_sft_mini.log
sft,2,2,40100,56608,96708,1.287,1.287,0.0,1.46e-06,experiments/logs/full_sft_mini.log
sft,2,2,40150,56608,96758,1.3288,1.3288,0.0,1.46e-06,experiments/logs/full_sft_mini.log
sft,2,2,40200,56608,96808,1.5868,1.5868,0.0,1.46e-06,experiments/logs/full_sft_mini.log
sft,2,2,40250,56608,96858,1.3954,1.3954,0.0,1.46e-06,experiments/logs/full_sft_mini.log
sft,2,2,40300,56608,96908,1.1029,1.1029,0.0,1.45e-06,experiments/logs/full_sft_mini.log
sft,2,2,40350,56608,96958,1.5418,1.5418,0.0,1.45e-06,experiments/logs/full_sft_mini.log
sft,2,2,40400,56608,97008,1.2861,1.2861,0.0,1.45e-06,experiments/logs/full_sft_mini.log
sft,2,2,40450,56608,97058,1.8229,1.8229,0.0,1.44e-06,experiments/logs/full_sft_mini.log
sft,2,2,40500,56608,97108,1.5568,1.5568,0.0,1.44e-06,experiments/logs/full_sft_mini.log
sft,2,2,40550,56608,97158,1.6197,1.6197,0.0,1.44e-06,experiments/logs/full_sft_mini.log
sft,2,2,40600,56608,97208,1.321,1.321,0.0,1.44e-06,experiments/logs/full_sft_mini.log
sft,2,2,40650,56608,97258,1.7427,1.7427,0.0,1.43e-06,experiments/logs/full_sft_mini.log
sft,2,2,40700,56608,97308,1.6519,1.6519,0.0,1.43e-06,experiments/logs/full_sft_mini.log
sft,2,2,40750,56608,97358,1.4328,1.4328,0.0,1.43e-06,experiments/logs/full_sft_mini.log
sft,2,2,40800,56608,97408,1.428,1.428,0.0,1.43e-06,experiments/logs/full_sft_mini.log
sft,2,2,40850,56608,97458,1.8346,1.8346,0.0,1.42e-06,experiments/logs/full_sft_mini.log
sft,2,2,40900,56608,97508,1.1902,1.1902,0.0,1.42e-06,experiments/logs/full_sft_mini.log
sft,2,2,40950,56608,97558,1.5128,1.5128,0.0,1.42e-06,experiments/logs/full_sft_mini.log
sft,2,2,41000,56608,97608,1.4576,1.4576,0.0,1.42e-06,experiments/logs/full_sft_mini.log
sft,2,2,41050,56608,97658,1.3395,1.3395,0.0,1.41e-06,experiments/logs/full_sft_mini.log
sft,2,2,41100,56608,97708,1.62,1.62,0.0,1.41e-06,experiments/logs/full_sft_mini.log
sft,2,2,41150,56608,97758,1.5511,1.5511,0.0,1.41e-06,experiments/logs/full_sft_mini.log
sft,2,2,41200,56608,97808,1.7023,1.7023,0.0,1.41e-06,experiments/logs/full_sft_mini.log
sft,2,2,41250,56608,97858,1.5654,1.5654,0.0,1.4e-06,experiments/logs/full_sft_mini.log
sft,2,2,41300,56608,97908,1.411,1.411,0.0,1.4e-06,experiments/logs/full_sft_mini.log
sft,2,2,41350,56608,97958,1.7309,1.7309,0.0,1.4e-06,experiments/logs/full_sft_mini.log
sft,2,2,41400,56608,98008,1.8121,1.8121,0.0,1.39e-06,experiments/logs/full_sft_mini.log
sft,2,2,41450,56608,98058,1.4284,1.4284,0.0,1.39e-06,experiments/logs/full_sft_mini.log
sft,2,2,41500,56608,98108,1.5133,1.5133,0.0,1.39e-06,experiments/logs/full_sft_mini.log
sft,2,2,41550,56608,98158,1.6238,1.6238,0.0,1.39e-06,experiments/logs/full_sft_mini.log
sft,2,2,41600,56608,98208,1.295,1.295,0.0,1.38e-06,experiments/logs/full_sft_mini.log
sft,2,2,41650,56608,98258,1.5832,1.5832,0.0,1.38e-06,experiments/logs/full_sft_mini.log
sft,2,2,41700,56608,98308,1.0637,1.0637,0.0,1.38e-06,experiments/logs/full_sft_mini.log
sft,2,2,41750,56608,98358,1.2133,1.2133,0.0,1.38e-06,experiments/logs/full_sft_mini.log
sft,2,2,41800,56608,98408,1.2875,1.2875,0.0,1.37e-06,experiments/logs/full_sft_mini.log
sft,2,2,41850,56608,98458,1.4989,1.4989,0.0,1.37e-06,experiments/logs/full_sft_mini.log
sft,2,2,41900,56608,98508,1.2888,1.2888,0.0,1.37e-06,experiments/logs/full_sft_mini.log
sft,2,2,41950,56608,98558,1.2277,1.2277,0.0,1.37e-06,experiments/logs/full_sft_mini.log
sft,2,2,42000,56608,98608,1.7288,1.7288,0.0,1.36e-06,experiments/logs/full_sft_mini.log
sft,2,2,42050,56608,98658,1.2756,1.2756,0.0,1.36e-06,experiments/logs/full_sft_mini.log
sft,2,2,42100,56608,98708,1.8176,1.8176,0.0,1.36e-06,experiments/logs/full_sft_mini.log
sft,2,2,42150,56608,98758,1.9034,1.9034,0.0,1.36e-06,experiments/logs/full_sft_mini.log
sft,2,2,42200,56608,98808,1.4522,1.4522,0.0,1.35e-06,experiments/logs/full_sft_mini.log
sft,2,2,42250,56608,98858,1.3533,1.3533,0.0,1.35e-06,experiments/logs/full_sft_mini.log
sft,2,2,42300,56608,98908,1.3529,1.3529,0.0,1.35e-06,experiments/logs/full_sft_mini.log
sft,2,2,42350,56608,98958,1.0876,1.0876,0.0,1.35e-06,experiments/logs/full_sft_mini.log
sft,2,2,42400,56608,99008,1.3279,1.3279,0.0,1.35e-06,experiments/logs/full_sft_mini.log
sft,2,2,42450,56608,99058,1.6687,1.6687,0.0,1.34e-06,experiments/logs/full_sft_mini.log
sft,2,2,42500,56608,99108,1.5938,1.5938,0.0,1.34e-06,experiments/logs/full_sft_mini.log
sft,2,2,42550,56608,99158,1.9225,1.9225,0.0,1.34e-06,experiments/logs/full_sft_mini.log
sft,2,2,42600,56608,99208,1.9904,1.9904,0.0,1.34e-06,experiments/logs/full_sft_mini.log
sft,2,2,42650,56608,99258,1.2105,1.2105,0.0,1.33e-06,experiments/logs/full_sft_mini.log
sft,2,2,42700,56608,99308,1.356,1.356,0.0,1.33e-06,experiments/logs/full_sft_mini.log
sft,2,2,42750,56608,99358,1.5838,1.5838,0.0,1.33e-06,experiments/logs/full_sft_mini.log
sft,2,2,42800,56608,99408,1.7077,1.7077,0.0,1.33e-06,experiments/logs/full_sft_mini.log
sft,2,2,42850,56608,99458,1.469,1.469,0.0,1.32e-06,experiments/logs/full_sft_mini.log
sft,2,2,42900,56608,99508,1.3551,1.3551,0.0,1.32e-06,experiments/logs/full_sft_mini.log
sft,2,2,42950,56608,99558,1.129,1.129,0.0,1.32e-06,experiments/logs/full_sft_mini.log
sft,2,2,43000,56608,99608,1.689,1.689,0.0,1.32e-06,experiments/logs/full_sft_mini.log
sft,2,2,43050,56608,99658,1.5788,1.5788,0.0,1.31e-06,experiments/logs/full_sft_mini.log
sft,2,2,43100,56608,99708,1.4477,1.4477,0.0,1.31e-06,experiments/logs/full_sft_mini.log
sft,2,2,43150,56608,99758,1.4285,1.4285,0.0,1.31e-06,experiments/logs/full_sft_mini.log
sft,2,2,43200,56608,99808,1.5693,1.5693,0.0,1.31e-06,experiments/logs/full_sft_mini.log
sft,2,2,43250,56608,99858,1.0841,1.0841,0.0,1.31e-06,experiments/logs/full_sft_mini.log
sft,2,2,43300,56608,99908,1.4261,1.4261,0.0,1.3e-06,experiments/logs/full_sft_mini.log
sft,2,2,43350,56608,99958,1.1894,1.1894,0.0,1.3e-06,experiments/logs/full_sft_mini.log
sft,2,2,43400,56608,100008,1.6442,1.6442,0.0,1.3e-06,experiments/logs/full_sft_mini.log
sft,2,2,43450,56608,100058,0.9282,0.9282,0.0,1.3e-06,experiments/logs/full_sft_mini.log
sft,2,2,43500,56608,100108,1.5291,1.5291,0.0,1.29e-06,experiments/logs/full_sft_mini.log
sft,2,2,43550,56608,100158,1.3394,1.3394,0.0,1.29e-06,experiments/logs/full_sft_mini.log
sft,2,2,43600,56608,100208,1.6163,1.6163,0.0,1.29e-06,experiments/logs/full_sft_mini.log
sft,2,2,43650,56608,100258,1.2987,1.2987,0.0,1.29e-06,experiments/logs/full_sft_mini.log
sft,2,2,43700,56608,100308,1.4732,1.4732,0.0,1.29e-06,experiments/logs/full_sft_mini.log
sft,2,2,43750,56608,100358,1.9159,1.9159,0.0,1.28e-06,experiments/logs/full_sft_mini.log
sft,2,2,43800,56608,100408,1.5342,1.5342,0.0,1.28e-06,experiments/logs/full_sft_mini.log
sft,2,2,43850,56608,100458,1.2764,1.2764,0.0,1.28e-06,experiments/logs/full_sft_mini.log
sft,2,2,43900,56608,100508,1.4502,1.4502,0.0,1.28e-06,experiments/logs/full_sft_mini.log
sft,2,2,43950,56608,100558,1.4416,1.4416,0.0,1.27e-06,experiments/logs/full_sft_mini.log
sft,2,2,44000,56608,100608,1.1852,1.1852,0.0,1.27e-06,experiments/logs/full_sft_mini.log
sft,2,2,44050,56608,100658,1.6508,1.6508,0.0,1.27e-06,experiments/logs/full_sft_mini.log
sft,2,2,44100,56608,100708,1.5586,1.5586,0.0,1.27e-06,experiments/logs/full_sft_mini.log
sft,2,2,44150,56608,100758,1.8227,1.8227,0.0,1.27e-06,experiments/logs/full_sft_mini.log
sft,2,2,44200,56608,100808,1.4114,1.4114,0.0,1.26e-06,experiments/logs/full_sft_mini.log
sft,2,2,44250,56608,100858,1.7023,1.7023,0.0,1.26e-06,experiments/logs/full_sft_mini.log
sft,2,2,44300,56608,100908,1.3917,1.3917,0.0,1.26e-06,experiments/logs/full_sft_mini.log
sft,2,2,44350,56608,100958,1.8496,1.8496,0.0,1.26e-06,experiments/logs/full_sft_mini.log
sft,2,2,44400,56608,101008,1.9103,1.9103,0.0,1.26e-06,experiments/logs/full_sft_mini.log
sft,2,2,44450,56608,101058,1.6792,1.6792,0.0,1.25e-06,experiments/logs/full_sft_mini.log
sft,2,2,44500,56608,101108,1.5176,1.5176,0.0,1.25e-06,experiments/logs/full_sft_mini.log
sft,2,2,44550,56608,101158,1.2801,1.2801,0.0,1.25e-06,experiments/logs/full_sft_mini.log
sft,2,2,44600,56608,101208,1.2267,1.2267,0.0,1.25e-06,experiments/logs/full_sft_mini.log
sft,2,2,44650,56608,101258,1.8655,1.8655,0.0,1.25e-06,experiments/logs/full_sft_mini.log
sft,2,2,44700,56608,101308,1.5228,1.5228,0.0,1.24e-06,experiments/logs/full_sft_mini.log
sft,2,2,44750,56608,101358,1.4203,1.4203,0.0,1.24e-06,experiments/logs/full_sft_mini.log
sft,2,2,44800,56608,101408,1.7955,1.7955,0.0,1.24e-06,experiments/logs/full_sft_mini.log
sft,2,2,44850,56608,101458,1.471,1.471,0.0,1.24e-06,experiments/logs/full_sft_mini.log
sft,2,2,44900,56608,101508,1.6545,1.6545,0.0,1.24e-06,experiments/logs/full_sft_mini.log
sft,2,2,44950,56608,101558,1.6385,1.6385,0.0,1.23e-06,experiments/logs/full_sft_mini.log
sft,2,2,45000,56608,101608,1.395,1.395,0.0,1.23e-06,experiments/logs/full_sft_mini.log
sft,2,2,45050,56608,101658,1.6476,1.6476,0.0,1.23e-06,experiments/logs/full_sft_mini.log
sft,2,2,45100,56608,101708,1.1294,1.1294,0.0,1.23e-06,experiments/logs/full_sft_mini.log
sft,2,2,45150,56608,101758,1.5445,1.5445,0.0,1.23e-06,experiments/logs/full_sft_mini.log
sft,2,2,45200,56608,101808,1.1471,1.1471,0.0,1.22e-06,experiments/logs/full_sft_mini.log
sft,2,2,45250,56608,101858,1.357,1.357,0.0,1.22e-06,experiments/logs/full_sft_mini.log
sft,2,2,45300,56608,101908,1.5167,1.5167,0.0,1.22e-06,experiments/logs/full_sft_mini.log
sft,2,2,45350,56608,101958,1.3456,1.3456,0.0,1.22e-06,experiments/logs/full_sft_mini.log
sft,2,2,45400,56608,102008,1.2015,1.2015,0.0,1.22e-06,experiments/logs/full_sft_mini.log
sft,2,2,45450,56608,102058,1.2877,1.2877,0.0,1.21e-06,experiments/logs/full_sft_mini.log
sft,2,2,45500,56608,102108,1.7787,1.7787,0.0,1.21e-06,experiments/logs/full_sft_mini.log
sft,2,2,45550,56608,102158,1.5695,1.5695,0.0,1.21e-06,experiments/logs/full_sft_mini.log
sft,2,2,45600,56608,102208,1.423,1.423,0.0,1.21e-06,experiments/logs/full_sft_mini.log
sft,2,2,45650,56608,102258,1.5988,1.5988,0.0,1.21e-06,experiments/logs/full_sft_mini.log
sft,2,2,45700,56608,102308,1.6338,1.6338,0.0,1.2e-06,experiments/logs/full_sft_mini.log
sft,2,2,45750,56608,102358,1.4138,1.4138,0.0,1.2e-06,experiments/logs/full_sft_mini.log
sft,2,2,45800,56608,102408,1.4153,1.4153,0.0,1.2e-06,experiments/logs/full_sft_mini.log
sft,2,2,45850,56608,102458,1.3967,1.3967,0.0,1.2e-06,experiments/logs/full_sft_mini.log
sft,2,2,45900,56608,102508,1.5179,1.5179,0.0,1.2e-06,experiments/logs/full_sft_mini.log
sft,2,2,45950,56608,102558,1.5209,1.5209,0.0,1.2e-06,experiments/logs/full_sft_mini.log
sft,2,2,46000,56608,102608,1.3001,1.3001,0.0,1.19e-06,experiments/logs/full_sft_mini.log
sft,2,2,46050,56608,102658,1.3962,1.3962,0.0,1.19e-06,experiments/logs/full_sft_mini.log
sft,2,2,46100,56608,102708,1.619,1.619,0.0,1.19e-06,experiments/logs/full_sft_mini.log
sft,2,2,46150,56608,102758,1.889,1.889,0.0,1.19e-06,experiments/logs/full_sft_mini.log
sft,2,2,46200,56608,102808,1.5158,1.5158,0.0,1.19e-06,experiments/logs/full_sft_mini.log
sft,2,2,46250,56608,102858,1.1786,1.1786,0.0,1.18e-06,experiments/logs/full_sft_mini.log
sft,2,2,46300,56608,102908,1.254,1.254,0.0,1.18e-06,experiments/logs/full_sft_mini.log
sft,2,2,46350,56608,102958,1.3959,1.3959,0.0,1.18e-06,experiments/logs/full_sft_mini.log
sft,2,2,46400,56608,103008,1.2766,1.2766,0.0,1.18e-06,experiments/logs/full_sft_mini.log
sft,2,2,46450,56608,103058,1.0327,1.0327,0.0,1.18e-06,experiments/logs/full_sft_mini.log
sft,2,2,46500,56608,103108,1.7396,1.7396,0.0,1.18e-06,experiments/logs/full_sft_mini.log
sft,2,2,46550,56608,103158,1.4245,1.4245,0.0,1.17e-06,experiments/logs/full_sft_mini.log
sft,2,2,46600,56608,103208,1.2176,1.2176,0.0,1.17e-06,experiments/logs/full_sft_mini.log
sft,2,2,46650,56608,103258,1.422,1.422,0.0,1.17e-06,experiments/logs/full_sft_mini.log
sft,2,2,46700,56608,103308,1.729,1.729,0.0,1.17e-06,experiments/logs/full_sft_mini.log
sft,2,2,46750,56608,103358,1.7612,1.7612,0.0,1.17e-06,experiments/logs/full_sft_mini.log
sft,2,2,46800,56608,103408,1.3596,1.3596,0.0,1.17e-06,experiments/logs/full_sft_mini.log
sft,2,2,46850,56608,103458,1.066,1.066,0.0,1.16e-06,experiments/logs/full_sft_mini.log
sft,2,2,46900,56608,103508,1.5544,1.5544,0.0,1.16e-06,experiments/logs/full_sft_mini.log
sft,2,2,46950,56608,103558,1.887,1.887,0.0,1.16e-06,experiments/logs/full_sft_mini.log
sft,2,2,47000,56608,103608,1.011,1.011,0.0,1.16e-06,experiments/logs/full_sft_mini.log
sft,2,2,47050,56608,103658,1.5999,1.5999,0.0,1.16e-06,experiments/logs/full_sft_mini.log
sft,2,2,47100,56608,103708,1.5214,1.5214,0.0,1.16e-06,experiments/logs/full_sft_mini.log
sft,2,2,47150,56608,103758,1.2762,1.2762,0.0,1.15e-06,experiments/logs/full_sft_mini.log
sft,2,2,47200,56608,103808,1.2115,1.2115,0.0,1.15e-06,experiments/logs/full_sft_mini.log
sft,2,2,47250,56608,103858,1.252,1.252,0.0,1.15e-06,experiments/logs/full_sft_mini.log
sft,2,2,47300,56608,103908,1.6067,1.6067,0.0,1.15e-06,experiments/logs/full_sft_mini.log
sft,2,2,47350,56608,103958,1.4668,1.4668,0.0,1.15e-06,experiments/logs/full_sft_mini.log
sft,2,2,47400,56608,104008,1.2569,1.2569,0.0,1.15e-06,experiments/logs/full_sft_mini.log
sft,2,2,47450,56608,104058,1.3534,1.3534,0.0,1.14e-06,experiments/logs/full_sft_mini.log
sft,2,2,47500,56608,104108,1.3708,1.3708,0.0,1.14e-06,experiments/logs/full_sft_mini.log
sft,2,2,47550,56608,104158,1.5697,1.5697,0.0,1.14e-06,experiments/logs/full_sft_mini.log
sft,2,2,47600,56608,104208,1.3896,1.3896,0.0,1.14e-06,experiments/logs/full_sft_mini.log
sft,2,2,47650,56608,104258,1.0516,1.0516,0.0,1.14e-06,experiments/logs/full_sft_mini.log
sft,2,2,47700,56608,104308,1.3279,1.3279,0.0,1.14e-06,experiments/logs/full_sft_mini.log
sft,2,2,47750,56608,104358,1.4778,1.4778,0.0,1.14e-06,experiments/logs/full_sft_mini.log
sft,2,2,47800,56608,104408,1.0047,1.0047,0.0,1.13e-06,experiments/logs/full_sft_mini.log
sft,2,2,47850,56608,104458,1.7026,1.7026,0.0,1.13e-06,experiments/logs/full_sft_mini.log
sft,2,2,47900,56608,104508,2.0307,2.0307,0.0,1.13e-06,experiments/logs/full_sft_mini.log
sft,2,2,47950,56608,104558,1.5184,1.5184,0.0,1.13e-06,experiments/logs/full_sft_mini.log
sft,2,2,48000,56608,104608,1.7496,1.7496,0.0,1.13e-06,experiments/logs/full_sft_mini.log
sft,2,2,48050,56608,104658,1.1588,1.1588,0.0,1.13e-06,experiments/logs/full_sft_mini.log
sft,2,2,48100,56608,104708,1.6565,1.6565,0.0,1.12e-06,experiments/logs/full_sft_mini.log
sft,2,2,48150,56608,104758,1.7926,1.7926,0.0,1.12e-06,experiments/logs/full_sft_mini.log
sft,2,2,48200,56608,104808,1.4928,1.4928,0.0,1.12e-06,experiments/logs/full_sft_mini.log
sft,2,2,48250,56608,104858,1.6609,1.6609,0.0,1.12e-06,experiments/logs/full_sft_mini.log
sft,2,2,48300,56608,104908,1.4234,1.4234,0.0,1.12e-06,experiments/logs/full_sft_mini.log
sft,2,2,48350,56608,104958,1.5766,1.5766,0.0,1.12e-06,experiments/logs/full_sft_mini.log
sft,2,2,48400,56608,105008,1.3946,1.3946,0.0,1.12e-06,experiments/logs/full_sft_mini.log
sft,2,2,48450,56608,105058,1.2904,1.2904,0.0,1.11e-06,experiments/logs/full_sft_mini.log
sft,2,2,48500,56608,105108,2.0393,2.0393,0.0,1.11e-06,experiments/logs/full_sft_mini.log
sft,2,2,48550,56608,105158,1.5324,1.5324,0.0,1.11e-06,experiments/logs/full_sft_mini.log
sft,2,2,48600,56608,105208,1.7311,1.7311,0.0,1.11e-06,experiments/logs/full_sft_mini.log
sft,2,2,48650,56608,105258,1.2071,1.2071,0.0,1.11e-06,experiments/logs/full_sft_mini.log
sft,2,2,48700,56608,105308,1.8531,1.8531,0.0,1.11e-06,experiments/logs/full_sft_mini.log
sft,2,2,48750,56608,105358,1.7992,1.7992,0.0,1.11e-06,experiments/logs/full_sft_mini.log
sft,2,2,48800,56608,105408,1.5064,1.5064,0.0,1.11e-06,experiments/logs/full_sft_mini.log
sft,2,2,48850,56608,105458,0.7236,0.7236,0.0,1.1e-06,experiments/logs/full_sft_mini.log
sft,2,2,48900,56608,105508,1.7385,1.7385,0.0,1.1e-06,experiments/logs/full_sft_mini.log
sft,2,2,48950,56608,105558,1.505,1.505,0.0,1.1e-06,experiments/logs/full_sft_mini.log
sft,2,2,49000,56608,105608,1.7876,1.7876,0.0,1.1e-06,experiments/logs/full_sft_mini.log
sft,2,2,49050,56608,105658,1.7236,1.7236,0.0,1.1e-06,experiments/logs/full_sft_mini.log
sft,2,2,49100,56608,105708,1.5432,1.5432,0.0,1.1e-06,experiments/logs/full_sft_mini.log
sft,2,2,49150,56608,105758,1.9262,1.9262,0.0,1.1e-06,experiments/logs/full_sft_mini.log
sft,2,2,49200,56608,105808,1.7697,1.7697,0.0,1.09e-06,experiments/logs/full_sft_mini.log
sft,2,2,49250,56608,105858,1.2184,1.2184,0.0,1.09e-06,experiments/logs/full_sft_mini.log
sft,2,2,49300,56608,105908,1.5101,1.5101,0.0,1.09e-06,experiments/logs/full_sft_mini.log
sft,2,2,49350,56608,105958,1.6229,1.6229,0.0,1.09e-06,experiments/logs/full_sft_mini.log
sft,2,2,49400,56608,106008,1.6661,1.6661,0.0,1.09e-06,experiments/logs/full_sft_mini.log
sft,2,2,49450,56608,106058,1.8737,1.8737,0.0,1.09e-06,experiments/logs/full_sft_mini.log
sft,2,2,49500,56608,106108,1.5564,1.5564,0.0,1.09e-06,experiments/logs/full_sft_mini.log
sft,2,2,49550,56608,106158,1.6734,1.6734,0.0,1.09e-06,experiments/logs/full_sft_mini.log
sft,2,2,49600,56608,106208,1.4725,1.4725,0.0,1.08e-06,experiments/logs/full_sft_mini.log
sft,2,2,49650,56608,106258,1.6531,1.6531,0.0,1.08e-06,experiments/logs/full_sft_mini.log
sft,2,2,49700,56608,106308,1.4132,1.4132,0.0,1.08e-06,experiments/logs/full_sft_mini.log
sft,2,2,49750,56608,106358,1.2932,1.2932,0.0,1.08e-06,experiments/logs/full_sft_mini.log
sft,2,2,49800,56608,106408,1.2514,1.2514,0.0,1.08e-06,experiments/logs/full_sft_mini.log
sft,2,2,49850,56608,106458,1.9459,1.9459,0.0,1.08e-06,experiments/logs/full_sft_mini.log
sft,2,2,49900,56608,106508,1.047,1.047,0.0,1.08e-06,experiments/logs/full_sft_mini.log
sft,2,2,49950,56608,106558,1.3424,1.3424,0.0,1.08e-06,experiments/logs/full_sft_mini.log
sft,2,2,50000,56608,106608,1.301,1.301,0.0,1.08e-06,experiments/logs/full_sft_mini.log
sft,2,2,50050,56608,106658,1.4562,1.4562,0.0,1.07e-06,experiments/logs/full_sft_mini.log
sft,2,2,50100,56608,106708,1.4578,1.4578,0.0,1.07e-06,experiments/logs/full_sft_mini.log
sft,2,2,50150,56608,106758,1.5658,1.5658,0.0,1.07e-06,experiments/logs/full_sft_mini.log
sft,2,2,50200,56608,106808,1.3936,1.3936,0.0,1.07e-06,experiments/logs/full_sft_mini.log
sft,2,2,50250,56608,106858,1.8074,1.8074,0.0,1.07e-06,experiments/logs/full_sft_mini.log
sft,2,2,50300,56608,106908,1.6245,1.6245,0.0,1.07e-06,experiments/logs/full_sft_mini.log
sft,2,2,50350,56608,106958,1.5301,1.5301,0.0,1.07e-06,experiments/logs/full_sft_mini.log
sft,2,2,50400,56608,107008,1.5573,1.5573,0.0,1.07e-06,experiments/logs/full_sft_mini.log
sft,2,2,50450,56608,107058,1.5196,1.5196,0.0,1.07e-06,experiments/logs/full_sft_mini.log
sft,2,2,50500,56608,107108,1.3455,1.3455,0.0,1.06e-06,experiments/logs/full_sft_mini.log
sft,2,2,50550,56608,107158,1.555,1.555,0.0,1.06e-06,experiments/logs/full_sft_mini.log
sft,2,2,50600,56608,107208,1.5097,1.5097,0.0,1.06e-06,experiments/logs/full_sft_mini.log
sft,2,2,50650,56608,107258,1.2321,1.2321,0.0,1.06e-06,experiments/logs/full_sft_mini.log
sft,2,2,50700,56608,107308,1.262,1.262,0.0,1.06e-06,experiments/logs/full_sft_mini.log
sft,2,2,50750,56608,107358,2.1339,2.1339,0.0,1.06e-06,experiments/logs/full_sft_mini.log
sft,2,2,50800,56608,107408,1.5616,1.5616,0.0,1.06e-06,experiments/logs/full_sft_mini.log
sft,2,2,50850,56608,107458,1.4618,1.4618,0.0,1.06e-06,experiments/logs/full_sft_mini.log
sft,2,2,50900,56608,107508,1.597,1.597,0.0,1.06e-06,experiments/logs/full_sft_mini.log
sft,2,2,50950,56608,107558,1.6204,1.6204,0.0,1.06e-06,experiments/logs/full_sft_mini.log
sft,2,2,51000,56608,107608,1.4834,1.4834,0.0,1.05e-06,experiments/logs/full_sft_mini.log
sft,2,2,51050,56608,107658,1.5636,1.5636,0.0,1.05e-06,experiments/logs/full_sft_mini.log
sft,2,2,51100,56608,107708,1.7846,1.7846,0.0,1.05e-06,experiments/logs/full_sft_mini.log
sft,2,2,51150,56608,107758,1.6589,1.6589,0.0,1.05e-06,experiments/logs/full_sft_mini.log
sft,2,2,51200,56608,107808,1.3309,1.3309,0.0,1.05e-06,experiments/logs/full_sft_mini.log
sft,2,2,51250,56608,107858,1.4198,1.4198,0.0,1.05e-06,experiments/logs/full_sft_mini.log
sft,2,2,51300,56608,107908,1.9588,1.9588,0.0,1.05e-06,experiments/logs/full_sft_mini.log
sft,2,2,51350,56608,107958,1.5507,1.5507,0.0,1.05e-06,experiments/logs/full_sft_mini.log
sft,2,2,51400,56608,108008,1.4422,1.4422,0.0,1.05e-06,experiments/logs/full_sft_mini.log
sft,2,2,51450,56608,108058,1.3656,1.3656,0.0,1.05e-06,experiments/logs/full_sft_mini.log
sft,2,2,51500,56608,108108,1.8163,1.8163,0.0,1.05e-06,experiments/logs/full_sft_mini.log
sft,2,2,51550,56608,108158,1.6664,1.6664,0.0,1.04e-06,experiments/logs/full_sft_mini.log
sft,2,2,51600,56608,108208,1.3983,1.3983,0.0,1.04e-06,experiments/logs/full_sft_mini.log
sft,2,2,51650,56608,108258,1.3761,1.3761,0.0,1.04e-06,experiments/logs/full_sft_mini.log
sft,2,2,51700,56608,108308,1.5802,1.5802,0.0,1.04e-06,experiments/logs/full_sft_mini.log
sft,2,2,51750,56608,108358,1.7244,1.7244,0.0,1.04e-06,experiments/logs/full_sft_mini.log
sft,2,2,51800,56608,108408,1.71,1.71,0.0,1.04e-06,experiments/logs/full_sft_mini.log
sft,2,2,51850,56608,108458,1.7075,1.7075,0.0,1.04e-06,experiments/logs/full_sft_mini.log
sft,2,2,51900,56608,108508,1.6598,1.6598,0.0,1.04e-06,experiments/logs/full_sft_mini.log
sft,2,2,51950,56608,108558,1.1852,1.1852,0.0,1.04e-06,experiments/logs/full_sft_mini.log
sft,2,2,52000,56608,108608,1.2199,1.2199,0.0,1.04e-06,experiments/logs/full_sft_mini.log
sft,2,2,52050,56608,108658,1.3134,1.3134,0.0,1.04e-06,experiments/logs/full_sft_mini.log
sft,2,2,52100,56608,108708,1.224,1.224,0.0,1.04e-06,experiments/logs/full_sft_mini.log
sft,2,2,52150,56608,108758,1.7396,1.7396,0.0,1.03e-06,experiments/logs/full_sft_mini.log
sft,2,2,52200,56608,108808,1.2169,1.2169,0.0,1.03e-06,experiments/logs/full_sft_mini.log
sft,2,2,52250,56608,108858,1.5946,1.5946,0.0,1.03e-06,experiments/logs/full_sft_mini.log
sft,2,2,52300,56608,108908,1.4518,1.4518,0.0,1.03e-06,experiments/logs/full_sft_mini.log
sft,2,2,52350,56608,108958,1.2952,1.2952,0.0,1.03e-06,experiments/logs/full_sft_mini.log
sft,2,2,52400,56608,109008,1.5591,1.5591,0.0,1.03e-06,experiments/logs/full_sft_mini.log
sft,2,2,52450,56608,109058,2.1785,2.1785,0.0,1.03e-06,experiments/logs/full_sft_mini.log
sft,2,2,52500,56608,109108,1.7443,1.7443,0.0,1.03e-06,experiments/logs/full_sft_mini.log
sft,2,2,52550,56608,109158,1.545,1.545,0.0,1.03e-06,experiments/logs/full_sft_mini.log
sft,2,2,52600,56608,109208,1.9723,1.9723,0.0,1.03e-06,experiments/logs/full_sft_mini.log
sft,2,2,52650,56608,109258,1.5036,1.5036,0.0,1.03e-06,experiments/logs/full_sft_mini.log
sft,2,2,52700,56608,109308,1.4516,1.4516,0.0,1.03e-06,experiments/logs/full_sft_mini.log
sft,2,2,52750,56608,109358,1.2328,1.2328,0.0,1.03e-06,experiments/logs/full_sft_mini.log
sft,2,2,52800,56608,109408,1.4929,1.4929,0.0,1.03e-06,experiments/logs/full_sft_mini.log
sft,2,2,52850,56608,109458,1.2733,1.2733,0.0,1.02e-06,experiments/logs/full_sft_mini.log
sft,2,2,52900,56608,109508,1.6967,1.6967,0.0,1.02e-06,experiments/logs/full_sft_mini.log
sft,2,2,52950,56608,109558,1.4881,1.4881,0.0,1.02e-06,experiments/logs/full_sft_mini.log
sft,2,2,53000,56608,109608,1.3597,1.3597,0.0,1.02e-06,experiments/logs/full_sft_mini.log
sft,2,2,53050,56608,109658,1.3822,1.3822,0.0,1.02e-06,experiments/logs/full_sft_mini.log
sft,2,2,53100,56608,109708,1.3085,1.3085,0.0,1.02e-06,experiments/logs/full_sft_mini.log
sft,2,2,53150,56608,109758,1.6143,1.6143,0.0,1.02e-06,experiments/logs/full_sft_mini.log
sft,2,2,53200,56608,109808,1.3303,1.3303,0.0,1.02e-06,experiments/logs/full_sft_mini.log
sft,2,2,53250,56608,109858,1.8229,1.8229,0.0,1.02e-06,experiments/logs/full_sft_mini.log
sft,2,2,53300,56608,109908,1.0397,1.0397,0.0,1.02e-06,experiments/logs/full_sft_mini.log
sft,2,2,53350,56608,109958,1.6568,1.6568,0.0,1.02e-06,experiments/logs/full_sft_mini.log
sft,2,2,53400,56608,110008,1.6379,1.6379,0.0,1.02e-06,experiments/logs/full_sft_mini.log
sft,2,2,53450,56608,110058,1.4311,1.4311,0.0,1.02e-06,experiments/logs/full_sft_mini.log
sft,2,2,53500,56608,110108,1.3896,1.3896,0.0,1.02e-06,experiments/logs/full_sft_mini.log
sft,2,2,53550,56608,110158,2.0476,2.0476,0.0,1.02e-06,experiments/logs/full_sft_mini.log
sft,2,2,53600,56608,110208,1.3962,1.3962,0.0,1.02e-06,experiments/logs/full_sft_mini.log
sft,2,2,53650,56608,110258,1.6033,1.6033,0.0,1.02e-06,experiments/logs/full_sft_mini.log
sft,2,2,53700,56608,110308,1.5865,1.5865,0.0,1.01e-06,experiments/logs/full_sft_mini.log
sft,2,2,53750,56608,110358,1.6863,1.6863,0.0,1.01e-06,experiments/logs/full_sft_mini.log
sft,2,2,53800,56608,110408,1.5238,1.5238,0.0,1.01e-06,experiments/logs/full_sft_mini.log
sft,2,2,53850,56608,110458,1.4109,1.4109,0.0,1.01e-06,experiments/logs/full_sft_mini.log
sft,2,2,53900,56608,110508,1.4343,1.4343,0.0,1.01e-06,experiments/logs/full_sft_mini.log
sft,2,2,53950,56608,110558,1.3014,1.3014,0.0,1.01e-06,experiments/logs/full_sft_mini.log
sft,2,2,54000,56608,110608,1.6047,1.6047,0.0,1.01e-06,experiments/logs/full_sft_mini.log
sft,2,2,54050,56608,110658,0.9459,0.9459,0.0,1.01e-06,experiments/logs/full_sft_mini.log
sft,2,2,54100,56608,110708,1.5218,1.5218,0.0,1.01e-06,experiments/logs/full_sft_mini.log
sft,2,2,54150,56608,110758,1.9025,1.9025,0.0,1.01e-06,experiments/logs/full_sft_mini.log
sft,2,2,54200,56608,110808,1.5277,1.5277,0.0,1.01e-06,experiments/logs/full_sft_mini.log
sft,2,2,54250,56608,110858,1.4642,1.4642,0.0,1.01e-06,experiments/logs/full_sft_mini.log
sft,2,2,54300,56608,110908,1.8949,1.8949,0.0,1.01e-06,experiments/logs/full_sft_mini.log
sft,2,2,54350,56608,110958,1.4671,1.4671,0.0,1.01e-06,experiments/logs/full_sft_mini.log
sft,2,2,54400,56608,111008,1.6686,1.6686,0.0,1.01e-06,experiments/logs/full_sft_mini.log
sft,2,2,54450,56608,111058,1.2773,1.2773,0.0,1.01e-06,experiments/logs/full_sft_mini.log
sft,2,2,54500,56608,111108,1.8869,1.8869,0.0,1.01e-06,experiments/logs/full_sft_mini.log
sft,2,2,54550,56608,111158,1.8277,1.8277,0.0,1.01e-06,experiments/logs/full_sft_mini.log
sft,2,2,54600,56608,111208,1.8685,1.8685,0.0,1.01e-06,experiments/logs/full_sft_mini.log
sft,2,2,54650,56608,111258,1.5418,1.5418,0.0,1.01e-06,experiments/logs/full_sft_mini.log
sft,2,2,54700,56608,111308,1.8061,1.8061,0.0,1.01e-06,experiments/logs/full_sft_mini.log
sft,2,2,54750,56608,111358,1.4633,1.4633,0.0,1.01e-06,experiments/logs/full_sft_mini.log
sft,2,2,54800,56608,111408,1.7455,1.7455,0.0,1.01e-06,experiments/logs/full_sft_mini.log
sft,2,2,54850,56608,111458,1.9522,1.9522,0.0,1.01e-06,experiments/logs/full_sft_mini.log
sft,2,2,54900,56608,111508,1.5911,1.5911,0.0,1.01e-06,experiments/logs/full_sft_mini.log
sft,2,2,54950,56608,111558,2.0506,2.0506,0.0,1e-06,experiments/logs/full_sft_mini.log
sft,2,2,55000,56608,111608,1.7646,1.7646,0.0,1e-06,experiments/logs/full_sft_mini.log
sft,2,2,55050,56608,111658,1.2586,1.2586,0.0,1e-06,experiments/logs/full_sft_mini.log
sft,2,2,55100,56608,111708,1.6039,1.6039,0.0,1e-06,experiments/logs/full_sft_mini.log
sft,2,2,55150,56608,111758,1.3126,1.3126,0.0,1e-06,experiments/logs/full_sft_mini.log
sft,2,2,55200,56608,111808,1.4119,1.4119,0.0,1e-06,experiments/logs/full_sft_mini.log
sft,2,2,55250,56608,111858,1.5884,1.5884,0.0,1e-06,experiments/logs/full_sft_mini.log
sft,2,2,55300,56608,111908,1.3551,1.3551,0.0,1e-06,experiments/logs/full_sft_mini.log
sft,2,2,55350,56608,111958,1.5706,1.5706,0.0,1e-06,experiments/logs/full_sft_mini.log
sft,2,2,55400,56608,112008,1.4028,1.4028,0.0,1e-06,experiments/logs/full_sft_mini.log
sft,2,2,55450,56608,112058,1.8828,1.8828,0.0,1e-06,experiments/logs/full_sft_mini.log
sft,2,2,55500,56608,112108,1.6915,1.6915,0.0,1e-06,experiments/logs/full_sft_mini.log
sft,2,2,55550,56608,112158,1.6334,1.6334,0.0,1e-06,experiments/logs/full_sft_mini.log
sft,2,2,55600,56608,112208,1.1079,1.1079,0.0,1e-06,experiments/logs/full_sft_mini.log
sft,2,2,55650,56608,112258,1.6021,1.6021,0.0,1e-06,experiments/logs/full_sft_mini.log
sft,2,2,55700,56608,112308,0.8888,0.8888,0.0,1e-06,experiments/logs/full_sft_mini.log
sft,2,2,55750,56608,112358,1.0329,1.0329,0.0,1e-06,experiments/logs/full_sft_mini.log
sft,2,2,55800,56608,112408,1.6045,1.6045,0.0,1e-06,experiments/logs/full_sft_mini.log
sft,2,2,55850,56608,112458,1.3813,1.3813,0.0,1e-06,experiments/logs/full_sft_mini.log
sft,2,2,55900,56608,112508,1.8391,1.8391,0.0,1e-06,experiments/logs/full_sft_mini.log
sft,2,2,55950,56608,112558,1.2432,1.2432,0.0,1e-06,experiments/logs/full_sft_mini.log
sft,2,2,56000,56608,112608,1.6348,1.6348,0.0,1e-06,experiments/logs/full_sft_mini.log
sft,2,2,56050,56608,112658,1.5262,1.5262,0.0,1e-06,experiments/logs/full_sft_mini.log
sft,2,2,56100,56608,112708,1.5871,1.5871,0.0,1e-06,experiments/logs/full_sft_mini.log
sft,2,2,56150,56608,112758,1.6096,1.6096,0.0,1e-06,experiments/logs/full_sft_mini.log
sft,2,2,56200,56608,112808,1.8627,1.8627,0.0,1e-06,experiments/logs/full_sft_mini.log
sft,2,2,56250,56608,112858,1.6353,1.6353,0.0,1e-06,experiments/logs/full_sft_mini.log
sft,2,2,56300,56608,112908,1.4015,1.4015,0.0,1e-06,experiments/logs/full_sft_mini.log
sft,2,2,56350,56608,112958,1.5017,1.5017,0.0,1e-06,experiments/logs/full_sft_mini.log
sft,2,2,56400,56608,113008,2.013,2.013,0.0,1e-06,experiments/logs/full_sft_mini.log
sft,2,2,56450,56608,113058,1.7099,1.7099,0.0,1e-06,experiments/logs/full_sft_mini.log
sft,2,2,56500,56608,113108,2.068,2.068,0.0,1e-06,experiments/logs/full_sft_mini.log
sft,2,2,56550,56608,113158,1.7164,1.7164,0.0,1e-06,experiments/logs/full_sft_mini.log
sft,2,2,56600,56608,113208,1.6286,1.6286,0.0,1e-06,experiments/logs/full_sft_mini.log
sft,2,2,56608,56608,113216,1.5734,1.5734,0.0,1e-06,experiments/logs/full_sft_mini.log
